1 8
2 23
3 18
4 5
5 2
6 2
7 3
8 44
9 4
10 61
11 24
12 4
13 2
14 6
15 1
16 5
17 3
18 1
19 10
20 14
21 16
22 1
23 5
24 33
25 6
26 3
27 62
28 7
29 1
30 6
31 12
32 1
33 15
34 3
35 16
36 1
37 4
38 3
39 17
40 3
41 2
42 31
43 10
44 4
45 2
46 9
47 9
48 2
49 6
50 1
51 45
52 1
53 1
54 5
55 2
56 4
57 1
58 17
59 4
60 46
61 34
62 1
63 4
64 1
65 25
66 17
67 7
68 17
69 12
70 2
71 5
72 2
73 6
74 8
75 2
76 8
77 1
78 2
79 2
80 10
81 8
82 63
83 1
84 1
85 4
86 6
87 6
88 4
89 64
90 1
91 1
92 4
93 32
94 6
95 26
96 8
97 47
98 4
99 6
100 15
101 27
102 25
103 33
104 48
105 3
106 2
107 10
108 2
109 4
110 1
111 4
112 45
113 1
114 49
115 2
116 2
117 50
118 65
119 5
120 9
121 66
122 1
123 31
124 2
125 2
126 1
127 1
128 2
129 4
130 4
131 6
132 7
133 1
134 35
135 2
136 2
137 9
138 6
139 3
140 1
141 1
142 36
143 1
144 2
145 2
146 1
147 9
148 2
149 3
150 2
151 3
152 3
153 1
154 7
155 3
156 35
157 2
158 5
159 14
160 9
161 2
162 2
163 2
164 14
165 5
166 12
167 3
168 2
169 10
170 5
171 51
172 25
173 15
174 1
175 52
176 6
177 3
178 7
179 27
180 5
181 3
182 3
183 1
184 1
185 13
186 37
187 7
188 3
189 2
190 3
191 17
192 1
193 2
194 2
195 67
196 3
197 1
198 7
199 68
200 1
201 14
202 9
203 5
204 3
205 8
206 2
207 1
208 4
209 4
210 28
211 15
212 13
213 1
214 9
215 24
216 28
217 3
218 3
219 2
220 5
221 3
222 1
223 2
224 1
225 6
226 1
227 29
228 2
229 3
230 2
231 1
232 16
233 3
234 2
235 6
236 10
237 2
238 7
239 26
240 7
241 4
242 2
243 2
244 5
245 1
246 2
247 12
248 1
249 2
250 69
251 7
252 26
253 2
254 30
255 70
256 11
257 2
258 2
259 35
260 53
261 4
262 4
263 12
264 2
265 69
266 3
267 10
268 13
269 11
270 12
271 18
272 12
273 20
274 2
275 9
276 6
277 2
278 8
279 7
280 71
281 2
282 19
283 5
284 54
285 1
286 9
287 1
288 2
289 6
290 1
291 4
292 2
293 72
294 12
295 52
296 2
297 18
298 20
299 38
300 4
301 2
302 3
303 7
304 5
305 13
306 1
307 10
308 4
309 1
310 3
311 2
312 1
313 2
314 33
315 4
316 1
317 5
318 3
319 21
320 5
321 2
322 9
323 3
324 2
325 15
326 11
327 1
328 1
329 2
330 5
331 7
332 4
333 23
334 7
335 1
336 4
337 8
338 1
339 73
340 1
341 1
342 2
343 14
344 16
345 2
346 2
347 4
348 1
349 17
350 1
351 11
352 1
353 74
354 10
355 14
356 10
357 7
358 25
359 13
360 2
361 39
362 6
363 5
364 6
365 3
366 30
367 10
368 3
369 15
370 2
371 1
372 40
373 1
374 2
375 8
376 1
377 8
378 6
379 3
380 6
381 1
382 2
383 23
384 65
385 1
386 6
387 1
388 48
389 6
390 4
391 3
392 9
393 1
394 15
395 6
396 11
397 2
398 1
399 32
400 6
401 21
402 1
403 10
404 1
405 3
406 5
407 3
408 1
409 41
410 1
411 2
412 9
413 28
414 1
415 2
416 9
417 8
418 6
419 10
420 1
421 9
422 2
423 36
424 2
425 2
426 1
427 32
428 9
429 24
430 1
431 1
432 55
433 1
434 4
435 75
436 12
437 6
438 4
439 21
440 5
441 30
442 44
443 76
444 3
445 8
446 2
447 56
448 15
449 2
450 4
451 1
452 8
453 2
454 1
455 4
456 14
457 3
458 5
459 1
460 11
461 4
462 5
463 7
464 53
465 7
466 4
467 3
468 40
469 3
470 9
471 8
472 2
473 3
474 2
475 1
476 1
477 20
478 1
479 13
480 16
481 77
482 1
483 5
484 31
485 1
486 19
487 15
488 8
489 8
490 4
491 1
492 16
493 3
494 1
495 7
496 5
497 7
498 12
499 22
500 5
501 1
502 3
503 3
504 4
505 2
506 3
507 78
508 1
509 5
510 2
511 6
512 7
513 7
514 6
515 4
516 4
517 13
518 41
519 1
520 2
521 2
522 79
523 1
524 42
525 15
526 15
527 8
528 3
529 8
530 2
531 6
532 73
533 9
534 5
535 28
536 2
537 2
538 1
539 18
540 22
541 2
542 1
543 6
544 5
545 11
546 2
547 2
548 22
549 57
550 4
551 25
552 2
553 20
554 80
555 62
556 81
557 43
558 19
559 10
560 3
561 27
562 2
563 8
564 82
565 26
566 8
567 74
568 1
569 5
570 1
571 7
572 14
573 1
574 1
575 2
576 2
577 3
578 1
579 3
580 13
581 3
582 2
583 58
584 4
585 3
586 11
587 8
588 1
589 7
590 3
591 1
592 5
593 8
594 4
595 1
596 1
597 1
598 3
599 29
600 29
601 4
602 2
603 2
604 3
605 4
606 2
607 6
608 2
609 1
610 3
611 1
612 2
613 29
614 7
615 2
616 5
617 2
618 2
619 2
620 17
621 2
622 4
623 1
624 1
625 11
626 2
627 6
628 10
629 4
630 4
631 4
632 3
633 5
634 37
635 9
636 1
637 4
638 6
639 1
640 1
641 1
642 4
643 10
644 3
645 14
646 13
647 59
648 19
649 3
650 4
651 5
652 3
653 64
654 1
655 4
656 1
657 3
658 3
659 9
660 3
661 1
662 2
663 4
664 60
665 13
666 7
667 60
668 1
669 10
670 2
671 12
672 2
673 1
674 7
675 1
676 1
677 2
678 3
679 60
680 8
681 8
682 3
683 1
684 1
685 1
686 3
687 9
688 3
689 2
690 3
691 30
692 13
693 5
694 1
695 6
696 3
697 3
698 6
699 7
700 6
701 1
702 10
703 7
704 2
705 9
706 4
707 2
708 12
709 6
710 10
711 11
712 66
713 1
714 8
715 5
716 5
717 39
718 2
719 7
720 2
721 1
722 3
723 4
724 7
725 2
726 5
727 1
728 2
729 3
730 3
731 58
732 6
733 1
734 11
735 1
736 2
737 2
738 17
739 14
740 4
741 1
742 2
743 2
744 50
745 14
746 5
747 2
748 17
749 2
750 27
751 1
752 1
753 6
754 6
755 6
756 59
757 7
758 8
759 3
760 13
761 6
762 2
763 2
764 42
765 4
766 14
767 3
768 2
769 2
770 3
771 4
772 1
773 6
774 14
775 57
776 2
777 5
778 5
779 9
780 2
781 1
782 11
783 1
784 2
785 28
786 8
787 2
788 3
789 38
790 20
791 1
792 40
793 14
794 2
795 16
796 15
797 2
798 10
799 15
800 4
801 5
802 1
803 1
804 83
805 3
806 2
807 3
808 3
809 5
810 7
811 2
812 26
813 2
814 2
815 1
816 1
817 18
818 1
819 3
820 3
821 3
822 3
823 3
824 4
825 8
826 4
827 1
828 3
829 7
830 1
831 4
832 2
833 6
834 19
835 6
836 1
837 12
838 4
839 1
840 3
841 1
842 1
843 31
844 56
845 5
846 24
847 2
848 22
849 21
850 83
851 6
852 3
853 1
854 2
855 4
856 84
857 2
858 85
859 2
860 1
861 1
862 4
863 6
864 3
865 43
866 1
867 5
868 1
869 2
870 16
871 1
872 37
873 2
874 16
875 7
876 8
877 4
878 2
879 4
880 5
881 7
882 1
883 58
884 1
885 3
886 6
887 43
888 12
889 2
890 7
891 46
892 14
893 1
894 1
895 7
896 3
897 34
898 3
899 15
900 12
901 2
902 2
903 24
904 6
905 2
906 27
907 3
908 1
909 3
910 6
911 4
912 1
913 7
914 3
915 2
916 2
917 5
918 2
919 2
920 10
921 1
922 10
923 2
924 3
925 9
926 46
927 3
928 20
929 3
930 59
931 36
932 2
933 1
934 1
935 3
936 1
937 7
938 3
939 3
940 8
941 3
942 1
943 2
944 10
945 3
946 4
947 4
948 14
949 8
950 2
951 6
952 1
953 2
954 6
955 1
956 2
957 7
958 3
959 3
960 7
961 3
962 5
963 3
964 4
965 3
966 5
967 4
968 8
969 3
970 1
971 1
972 5
973 1
974 1
975 7
976 2
977 1
978 2
979 55
980 2
981 1
982 5
983 19
984 2
985 2
986 3
987 1
988 47
989 1
990 2
991 1
992 4
993 12
994 3
995 21
996 7
997 3
998 2
999 86
1000 17
1001 2
1002 3
1003 5
1004 22
1005 4
1006 3
1007 3
1008 1
1009 5
1010 6
1011 20
1012 4
1013 4
1014 2
1015 4
1016 1
1017 1
1018 1
1019 8
1020 8
1021 1
1022 5
1023 6
1024 1
1025 8
1026 2
1027 8
1028 2
1029 7
1030 1
1031 38
1032 5
1033 3
1034 2
1035 1
1036 13
1037 11
1038 8
1039 6
1040 3
1041 23
1042 2
1043 4
1044 1
1045 3
1046 5
1047 29
1048 22
1049 1
1050 4
1051 7
1052 2
1053 3
1054 2
1055 14
1056 5
1057 1
1058 3
1059 1
1060 3
1061 9
1062 1
1063 1
1064 2
1065 1
1066 1
1067 4
1068 1
1069 6
1070 30
1071 13
1072 11
1073 16
1074 1
1075 5
1076 7
1077 3
1078 1
1079 1
1080 57
1081 82
1082 9
1083 2
1084 2
1085 5
1086 5
1087 1
1088 3
1089 24
1090 3
1091 39
1092 1
1093 2
1094 7
1095 1
1096 2
1097 2
1098 3
1099 18
1100 18
1101 1
1102 1
1103 2
1104 2
1105 2
1106 2
1107 1
1108 8
1109 13
1110 87
1111 56
1112 10
1113 11
1114 3
1115 3
1116 8
1117 5
1118 1
1119 3
1120 8
1121 2
1122 3
1123 2
1124 42
1125 38
1126 1
1127 5
1128 3
1129 6
1130 47
1131 13
1132 1
1133 4
1134 4
1135 8
1136 5
1137 3
1138 1
1139 8
1140 1
1141 4
1142 2
1143 10
1144 61
1145 10
1146 2
1147 8
1148 5
1149 7
1150 1
1151 2
1152 1
1153 5
1154 7
1155 45
1156 12
1157 2
1158 23
1159 4
1160 1
1161 3
1162 2
1163 1
1164 2
1165 1
1166 2
1167 3
1168 4
1169 41
1170 7
1171 3
1172 3
1173 2
1174 2
1175 3
1176 1
1177 7
1178 5
1179 8
1180 7
1181 1
1182 22
1183 1
1184 1
1185 3
1186 3
1187 9
1188 10
1189 1
1190 27
1191 1
1192 1
1193 8
1194 1
1195 2
1196 34
1197 2
1198 3
1199 49
1200 2
1201 6
1202 11
1203 6
1204 4
1205 53
1206 3
1207 9
1208 42
1209 30
1210 3
1211 5
1212 1
1213 37
1214 5
1215 79
1216 4
1217 4
1218 54
1219 17
1220 17
1221 16
1222 3
1223 15
1224 3
1225 2
1226 5
1227 2
1228 1
1229 4
1230 4
1231 11
1232 2
1233 20
1234 2
1235 13
1236 1
1237 7
1238 1
1239 49
1240 1
1241 13
1242 1
1243 1
1244 1
1245 2
1246 1
1247 12
1248 3
1249 2
1250 6
1251 11
1252 5
1253 8
1254 13
1255 1
1256 39
1257 2
1258 2
1259 5
1260 14
1261 7
1262 1
1263 2
1264 88
1265 1
1266 7
1267 7
1268 2
1269 1
1270 2
1271 1
1272 4
1273 3
1274 2
1275 1
1276 1
1277 6
1278 3
1279 52
1280 2
1281 89
1282 1
1283 4
1284 7
1285 4
1286 5
1287 3
1288 9
1289 7
1290 3
1291 3
1292 11
1293 1
1294 6
1295 3
1296 1
1297 3
1298 2
1299 41
1300 4
1301 16
1302 3
1303 6
1304 6
1305 8
1306 2
1307 1
1308 8
1309 6
1310 13
1311 8
1312 2
1313 1
1314 3
1315 3
1316 6
1317 2
1318 2
1319 3
1320 90
1321 4
1322 2
1323 50
1324 2
1325 12
1326 6
1327 2
1328 7
1329 4
1330 14
1331 12
1332 1
1333 6
1334 2
1335 1
1336 3
1337 2
1338 2
1339 3
1340 85
1341 51
1342 29
1343 8
1344 91
1345 2
1346 2
1347 1
1348 68
1349 3
1350 18
1351 8
1352 11
1353 18
1354 2
1355 2
1356 2
1357 2
1358 2
1359 2
1360 3
1361 3
1362 2
1363 1
1364 2
1365 11
1366 1
1367 11
1368 5
1369 2
1370 7
1371 4
1372 10
1373 6
1374 2
1375 54
1376 11
1377 4
1378 2
1379 15
1380 19
1381 2
1382 2
1383 1
1384 2
1385 4
1386 18
1387 2
1388 19
1389 13
1390 7
1391 75
1392 2
1393 1
1394 2
1395 7
1396 9
1397 4
1398 2
1399 18
1400 8
1401 3
1402 9
1403 4
1404 2
1405 2
1406 6
1407 12
1408 6
1409 2
1410 2
1411 11
1412 2
1413 16
1414 8
1415 2
1416 4
1417 1
1418 3
1419 6
1420 2
1421 32
1422 13
1423 8
1424 15
1425 11
1426 1
1427 12
1428 5
1429 1
1430 3
1431 6
1432 8
1433 6
1434 43
1435 3
1436 3
1437 77
1438 5
1439 92
1440 3
1441 1
1442 1
1443 17
1444 93
1445 84
1446 3
1447 2
1448 2
1449 1
1450 76
1451 2
1452 7
1453 21
1454 94
1455 4
1456 26
1457 1
1458 8
1459 3
1460 4
1461 11
1462 48
1463 95
1464 12
1465 7
1466 63
1467 21
1468 15
1469 3
1470 5
1471 25
1472 6
1473 3
1474 2
1475 2
1476 1
1477 81
1478 71
1479 3
1480 72
1481 1
1482 1
1483 7
1484 6
1485 4
1486 1
1487 12
1488 1
1489 1
1490 2
1491 2
1492 2
1493 7
1494 14
1495 8
1496 3
1497 2
1498 3
1499 1
1500 4
1501 67
1502 78
1503 8
1504 7
1505 34
1506 80
1507 3
1508 40
1509 2
1510 70
1511 22
1512 11
1513 3
1514 4
1515 1
1516 1
1517 8
1518 3
1519 8
1520 2
1521 44
1522 1
1523 3
1524 8
1525 3
1526 3
1527 32
1528 3
1529 3
1530 2
1531 3
1532 1
1533 96
1534 3
1535 86
1536 97
1537 1
1538 3
1539 1
1540 3
1541 1
1542 3
1543 3
1544 51
1545 1
1546 36
1547 7
1548 2
1549 4
1550 35
1551 55
1552 2
1553 3
1554 28
1555 31
1556 1
1557 2
1558 1
1559 2
1560 1
1561 1
1562 2
1563 21
1564 2
1565 33
1566 3
1567 2
1568 1
1569 19
1570 7
1571 17
1572 3
1573 16
1574 7
1575 1
1576 1
1577 23
1578 1
1579 2
1580 3
1581 3
1582 5
1583 8
1584 3
1585 13
1586 9
1587 1
1588 10
1589 1
1590 3
1591 6
1592 4
1593 1
1594 3
1595 1
1596 3
1597 1
1598 2
1599 3
1600 1
