1	6 
2	1 
3	2 
4	9 
5	10 
6	17 
7	1 
8	7 
9	17 
10	9 
11	16 
12	7 
13	10 
14	7 
15	17 
16	17 
17	1 
18	17 
19	7 
20	12 
21	6 
22	17 
23	9 
24	17 
25	7 
26	7 
27	10 
28	13 
29	17 
30	7 
31	8 
32	13 
33	15 
34	1 
35	6 
36	17 
37	7 
38	1 
39	6 
40	1 
41	1 
42	7 
43	7 
44	10 
45	13 
46	7 
47	7 
48	10 
49	7 
50	17 
51	9 
52	17 
53	17 
54	9 
55	10 
56	7 
57	17 
58	1 
59	7 
60	10 
61	1 
62	17 
63	7 
64	17 
65	9 
66	6 
67	13 
68	6 
69	8 
70	17 
71	9 
72	10 
73	7 
74	6 
75	10 
76	6 
77	13 
78	10 
79	10 
80	7 
81	6 
82	6 
83	7 
84	17 
85	7 
86	7 
87	12 
88	17 
89	13 
90	17 
91	17 
92	7 
93	1 
94	7 
95	9 
96	6 
97	7 
98	7 
99	7 
100	10 
101	4 
102	9 
103	13 
104	6 
105	1 
106	10 
107	7 
108	10 
109	7 
110	17 
111	10 
112	9 
113	17 
114	3 
115	10 
116	10 
117	12 
118	10 
119	9 
120	7 
121	10 
122	17 
123	7 
124	10 
125	10 
126	1 
127	17 
128	10 
129	7 
130	7 
131	7 
132	13 
133	17 
134	7 
135	10 
136	10 
137	7 
138	7 
139	1 
140	17 
141	1 
142	7 
143	17 
144	10 
145	10 
146	1 
147	7 
148	10 
149	17 
150	14 
151	1 
152	1 
153	17 
154	1 
155	1 
156	7 
157	10 
158	9 
159	12 
160	7 
161	17 
162	10 
163	10 
164	12 
165	9 
166	8 
167	1 
168	10 
169	17 
170	9 
171	7 
172	9 
173	15 
174	17 
175	14 
176	7 
177	1 
178	13 
179	4 
180	9 
181	1 
182	1 
183	17 
184	17 
185	7 
186	1 
187	13 
188	1 
189	10 
190	1 
191	6 
192	17 
193	1 
194	10 
195	1 
196	1 
197	1 
198	13 
199	1 
200	17 
201	12 
202	7 
203	9 
204	1 
205	6 
206	10 
207	14 
208	1 
209	7 
210	6 
211	15 
212	7 
213	17 
214	7 
215	16 
216	1 
217	1 
218	1 
219	10 
220	9 
221	1 
222	17 
223	10 
224	17 
225	7 
226	17 
227	13 
228	10 
229	1 
230	10 
231	17 
232	6 
233	1 
234	1 
235	7 
236	7 
237	10 
238	13 
239	17 
240	13 
241	17 
242	17 
243	10 
244	9 
245	13 
246	10 
247	8 
248	17 
249	10 
250	1 
251	13 
252	9 
253	1 
254	5 
255	1 
256	14 
257	10 
258	10 
259	7 
260	17 
261	7 
262	7 
263	8 
264	10 
265	10 
266	1 
267	7 
268	7 
269	14 
270	8 
271	2 
272	8 
273	3 
274	10 
275	7 
276	7 
277	10 
278	6 
279	13 
280	13 
281	7 
282	6 
283	9 
284	7 
285	17 
286	7 
287	17 
288	17 
289	7 
290	17 
291	7 
292	1 
293	17 
294	8 
295	1 
296	10 
297	2 
298	3 
299	11 
300	7 
301	10 
302	1 
303	13 
304	7 
305	7 
306	1 
307	7 
308	7 
309	17 
310	1 
311	10 
312	17 
313	10 
314	1 
315	7 
316	1 
317	9 
318	1 
319	6 
320	9 
321	10 
322	7 
323	1 
324	1 
325	15 
326	14 
327	17 
328	17 
329	10 
330	9 
331	13 
332	7 
333	7 
334	13 
335	17 
336	7 
337	6 
338	17 
339	1 
340	17 
341	17 
342	10 
343	12 
344	6 
345	10 
346	10 
347	7 
348	17 
349	6 
350	17 
351	14 
352	17 
353	1 
354	7 
355	12 
356	7 
357	13 
358	9 
359	7 
360	10 
361	7 
362	7 
363	7 
364	13 
365	1 
366	5 
367	12 
368	1 
369	15 
370	1 
371	17 
372	9 
373	17 
374	10 
375	6 
376	17 
377	6 
378	7 
379	1 
380	7 
381	17 
382	10 
383	7 
384	10 
385	17 
386	1 
387	17 
388	6 
389	13 
390	7 
391	1 
392	7 
393	7 
394	15 
395	7 
396	14 
397	17 
398	17 
399	7 
400	7 
401	6 
402	9 
403	7 
404	17 
405	1 
406	9 
407	17 
408	17 
409	6 
410	17 
411	10 
412	7 
413	6 
414	17 
415	10 
416	7 
417	6 
418	7 
419	7 
420	17 
421	7 
422	10 
423	7 
424	10 
425	10 
426	17 
427	7 
428	7 
429	10 
430	17 
431	10 
432	6 
433	17 
434	7 
435	1 
436	17 
437	7 
438	7 
439	1 
440	9 
441	5 
442	1 
443	9 
444	1 
445	6 
446	10 
447	1 
448	15 
449	10 
450	7 
451	17 
452	6 
453	1 
454	17 
455	7 
456	12 
457	1 
458	9 
459	17 
460	14 
461	7 
462	9 
463	13 
464	1 
465	13 
466	7 
467	1 
468	9 
469	1 
470	6 
471	17 
472	10 
473	1 
474	17 
475	17 
476	17 
477	3 
478	17 
479	7 
480	6 
481	1 
482	17 
483	9 
484	1 
485	17 
486	6 
487	15 
488	6 
489	6 
490	7 
491	17 
492	6 
493	1 
494	17 
495	7 
496	9 
497	13 
498	8 
499	9 
500	9 
501	17 
502	1 
503	1 
504	7 
505	7 
506	1 
507	6 
508	17 
509	9 
510	10 
511	7 
512	13 
513	13 
514	7 
515	7 
516	7 
517	7 
518	9 
519	17 
520	10 
521	10 
522	7 
523	17 
524	9 
525	15 
526	15 
527	6 
528	1 
529	6 
530	10 
531	7 
532	7 
533	17 
534	1 
535	6 
536	10 
537	10 
538	17 
539	2 
540	9 
541	10 
542	17 
543	7 
544	9 
545	14 
546	1 
547	10 
548	9 
549	1 
550	7 
551	10 
552	10 
553	3 
554	13 
555	1 
556	7 
557	6 
558	6 
559	13 
560	1 
561	4 
562	6 
563	6 
564	9 
565	9 
566	6 
567	17 
568	17 
569	9 
570	17 
571	13 
572	12 
573	17 
574	17 
575	10 
576	10 
577	1 
578	17 
579	1 
580	7 
581	1 
582	10 
583	3 
584	7 
585	1 
586	6 
587	17 
588	17 
589	13 
590	1 
591	17 
592	9 
593	6 
594	1 
595	17 
596	17 
597	17 
598	7 
599	9 
600	17 
601	7 
602	10 
603	10 
604	1 
605	7 
606	1 
607	7 
608	10 
609	17 
610	1 
611	17 
612	10 
613	9 
614	13 
615	10 
616	9 
617	10 
618	10 
619	1 
620	6 
621	7 
622	7 
623	17 
624	17 
625	14 
626	10 
627	7 
628	7 
629	7 
630	10 
631	7 
632	1 
633	9 
634	9 
635	7 
636	17 
637	7 
638	7 
639	17 
640	17 
641	17 
642	7 
643	7 
644	1 
645	12 
646	7 
647	9 
648	6 
649	1 
650	7 
651	7 
652	1 
653	13 
654	17 
655	7 
656	17 
657	1 
658	1 
659	7 
660	1 
661	17 
662	10 
663	7 
664	9 
665	7 
666	13 
667	9 
668	6 
669	7 
670	10 
671	8 
672	10 
673	17 
674	13 
675	17 
676	17 
677	10 
678	1 
679	9 
680	6 
681	6 
682	1 
683	17 
684	17 
685	17 
686	7 
687	7 
688	1 
689	10 
690	1 
691	5 
692	7 
693	9 
694	17 
695	7 
696	1 
697	1 
698	7 
699	13 
700	7 
701	17 
702	7 
703	13 
704	10 
705	7 
706	7 
707	10 
708	8 
709	7 
710	7 
711	14 
712	10 
713	17 
714	6 
715	9 
716	9 
717	7 
718	17 
719	13 
720	10 
721	17 
722	1 
723	7 
724	13 
725	1 
726	9 
727	17 
728	10 
729	1 
730	1 
731	3 
732	7 
733	17 
734	14 
735	17 
736	10 
737	10 
738	6 
739	12 
740	7 
741	7 
742	10 
743	10 
744	12 
745	12 
746	9 
747	10 
748	6 
749	7 
750	4 
751	13 
752	17 
753	7 
754	7 
755	7 
756	9 
757	6 
758	6 
759	1 
760	7 
761	7 
762	7 
763	10 
764	9 
765	7 
766	12 
767	1 
768	10 
769	10 
770	1 
771	7 
772	17 
773	7 
774	12 
775	7 
776	10 
777	9 
778	9 
779	7 
780	1 
781	17 
782	14 
783	17 
784	10 
785	17 
786	6 
787	10 
788	1 
789	11 
790	3 
791	17 
792	9 
793	12 
794	10 
795	6 
796	15 
797	10 
798	7 
799	15 
800	1 
801	17 
802	17 
803	17 
804	9 
805	1 
806	10 
807	1 
808	1 
809	9 
810	13 
811	10 
812	9 
813	7 
814	10 
815	17 
816	17 
817	2 
818	17 
819	1 
820	1 
821	7 
822	1 
823	1 
824	7 
825	1 
826	7 
827	17 
828	1 
829	13 
830	17 
831	7 
832	10 
833	17 
834	6 
835	7 
836	17 
837	8 
838	7 
839	17 
840	1 
841	17 
842	17 
843	1 
844	7 
845	9 
846	16 
847	6 
848	9 
849	6 
850	9 
851	7 
852	1 
853	17 
854	10 
855	7 
856	7 
857	10 
858	7 
859	7 
860	17 
861	17 
862	7 
863	17 
864	1 
865	6 
866	17 
867	9 
868	17 
869	10 
870	6 
871	17 
872	9 
873	10 
874	6 
875	13 
876	6 
877	7 
878	10 
879	7 
880	9 
881	7 
882	17 
883	17 
884	17 
885	1 
886	13 
887	10 
888	8 
889	10 
890	13 
891	7 
892	12 
893	17 
894	17 
895	13 
896	1 
897	9 
898	1 
899	15 
900	17 
901	10 
902	6 
903	17 
904	7 
905	10 
906	6 
907	1 
908	17 
909	1 
910	7 
911	9 
912	1 
913	13 
914	1 
915	10 
916	10 
917	9 
918	10 
919	7 
920	12 
921	6 
922	7 
923	10 
924	1 
925	7 
926	7 
927	1 
928	3 
929	1 
930	9 
931	1 
932	10 
933	17 
934	17 
935	1 
936	17 
937	13 
938	1 
939	1 
940	6 
941	1 
942	1 
943	10 
944	7 
945	1 
946	7 
947	7 
948	17 
949	6 
950	10 
951	7 
952	17 
953	10 
954	7 
955	17 
956	10 
957	1 
958	1 
959	1 
960	13 
961	1 
962	9 
963	1 
964	7 
965	1 
966	9 
967	1 
968	6 
969	1 
970	17 
971	17 
972	9 
973	17 
974	1 
975	13 
976	10 
977	17 
978	7 
979	6 
980	10 
981	7 
982	9 
983	6 
984	10 
985	7 
986	1 
987	17 
988	7 
989	17 
990	10 
991	17 
992	9 
993	8 
994	1 
995	6 
996	13 
997	1 
998	10 
999	6 
1000	6 
1001	9 
1002	1 
1003	9 
1004	9 
1005	7 
1006	1 
1007	1 
1008	1 
1009	9 
1010	7 
1011	3 
1012	7 
1013	10 
1014	10 
1015	7 
1016	17 
1017	17 
1018	9 
1019	6 
1020	6 
1021	17 
1022	9 
1023	7 
1024	17 
1025	6 
1026	13 
1027	6 
1028	10 
1029	13 
1030	17 
1031	11 
1032	9 
1033	1 
1034	17 
1035	1 
1036	6 
1037	14 
1038	6 
1039	7 
1040	1 
1041	7 
1042	10 
1043	1 
1044	17 
1045	1 
1046	9 
1047	9 
1048	9 
1049	17 
1050	17 
1051	13 
1052	10 
1053	1 
1054	17 
1055	12 
1056	9 
1057	17 
1058	1 
1059	17 
1060	1 
1061	10 
1062	17 
1063	1 
1064	10 
1065	1 
1066	17 
1067	7 
1068	9 
1069	7 
1070	5 
1071	10 
1072	14 
1073	6 
1074	10 
1075	9 
1076	17 
1077	1 
1078	13 
1079	17 
1080	7 
1081	9 
1082	7 
1083	17 
1084	10 
1085	9 
1086	9 
1087	17 
1088	1 
1089	1 
1090	1 
1091	7 
1092	17 
1093	10 
1094	13 
1095	17 
1096	10 
1097	10 
1098	1 
1099	7 
1100	2 
1101	17 
1102	7 
1103	10 
1104	10 
1105	17 
1106	10 
1107	17 
1108	6 
1109	7 
1110	14 
1111	7 
1112	7 
1113	14 
1114	1 
1115	7 
1116	6 
1117	9 
1118	7 
1119	1 
1120	6 
1121	10 
1122	1 
1123	1 
1124	9 
1125	11 
1126	10 
1127	9 
1128	1 
1129	1 
1130	17 
1131	17 
1132	17 
1133	7 
1134	7 
1135	1 
1136	9 
1137	1 
1138	1 
1139	17 
1140	17 
1141	7 
1142	10 
1143	7 
1144	9 
1145	6 
1146	10 
1147	6 
1148	9 
1149	13 
1150	17 
1151	10 
1152	17 
1153	9 
1154	13 
1155	9 
1156	8 
1157	10 
1158	1 
1159	7 
1160	1 
1161	17 
1162	10 
1163	6 
1164	10 
1165	17 
1166	10 
1167	1 
1168	7 
1169	17 
1170	13 
1171	17 
1172	1 
1173	10 
1174	10 
1175	1 
1176	17 
1177	13 
1178	9 
1179	6 
1180	13 
1181	17 
1182	1 
1183	17 
1184	17 
1185	1 
1186	1 
1187	7 
1188	7 
1189	17 
1190	1 
1191	17 
1192	17 
1193	6 
1194	7 
1195	1 
1196	9 
1197	10 
1198	1 
1199	17 
1200	10 
1201	17 
1202	14 
1203	7 
1204	7 
1205	13 
1206	1 
1207	7 
1208	7 
1209	5 
1210	17 
1211	9 
1212	1 
1213	9 
1214	9 
1215	7 
1216	17 
1217	7 
1218	7 
1219	6 
1220	6 
1221	6 
1222	1 
1223	15 
1224	7 
1225	10 
1226	9 
1227	10 
1228	1 
1229	1 
1230	17 
1231	14 
1232	7 
1233	3 
1234	10 
1235	1 
1236	17 
1237	13 
1238	17 
1239	3 
1240	6 
1241	10 
1242	1 
1243	17 
1244	17 
1245	10 
1246	7 
1247	17 
1248	17 
1249	10 
1250	7 
1251	1 
1252	9 
1253	6 
1254	17 
1255	7 
1256	7 
1257	10 
1258	10 
1259	9 
1260	12 
1261	1 
1262	6 
1263	10 
1264	9 
1265	1 
1266	13 
1267	13 
1268	10 
1269	1 
1270	10 
1271	17 
1272	7 
1273	1 
1274	10 
1275	7 
1276	17 
1277	1 
1278	1 
1279	7 
1280	1 
1281	9 
1282	17 
1283	7 
1284	13 
1285	7 
1286	9 
1287	1 
1288	7 
1289	13 
1290	7 
1291	1 
1292	14 
1293	17 
1294	7 
1295	17 
1296	17 
1297	1 
1298	10 
1299	9 
1300	7 
1301	6 
1302	17 
1303	17 
1304	7 
1305	17 
1306	10 
1307	17 
1308	6 
1309	7 
1310	7 
1311	6 
1312	10 
1313	6 
1314	1 
1315	17 
1316	7 
1317	17 
1318	10 
1319	17 
1320	7 
1321	17 
1322	10 
1323	17 
1324	10 
1325	1 
1326	1 
1327	10 
1328	13 
1329	7 
1330	7 
1331	8 
1332	17 
1333	7 
1334	7 
1335	17 
1336	1 
1337	10 
1338	17 
1339	1 
1340	9 
1341	1 
1342	9 
1343	6 
1344	17 
1345	1 
1346	10 
1347	9 
1348	7 
1349	1 
1350	2 
1351	17 
1352	14 
1353	2 
1354	10 
1355	10 
1356	10 
1357	10 
1358	6 
1359	10 
1360	1 
1361	1 
1362	10 
1363	17 
1364	10 
1365	14 
1366	17 
1367	14 
1368	9 
1369	17 
1370	13 
1371	7 
1372	7 
1373	7 
1374	7 
1375	7 
1376	14 
1377	7 
1378	10 
1379	15 
1380	17 
1381	10 
1382	7 
1383	1 
1384	10 
1385	7 
1386	2 
1387	10 
1388	6 
1389	17 
1390	13 
1391	7 
1392	10 
1393	1 
1394	10 
1395	13 
1396	7 
1397	17 
1398	1 
1399	2 
1400	6 
1401	1 
1402	7 
1403	7 
1404	10 
1405	1 
1406	7 
1407	8 
1408	7 
1409	10 
1410	10 
1411	14 
1412	7 
1413	6 
1414	1 
1415	17 
1416	7 
1417	1 
1418	1 
1419	7 
1420	10 
1421	17 
1422	7 
1423	6 
1424	15 
1425	14 
1426	1 
1427	8 
1428	9 
1429	17 
1430	17 
1431	7 
1432	6 
1433	7 
1434	6 
1435	17 
1436	1 
1437	7 
1438	9 
1439	1 
1440	1 
1441	17 
1442	17 
1443	6 
1444	9 
1445	7 
1446	17 
1447	10 
1448	10 
1449	1 
1450	9 
1451	1 
1452	13 
1453	6 
1454	9 
1455	7 
1456	9 
1457	17 
1458	6 
1459	1 
1460	7 
1461	14 
1462	6 
1463	17 
1464	8 
1465	13 
1466	6 
1467	6 
1468	15 
1469	7 
1470	9 
1471	9 
1472	7 
1473	1 
1474	10 
1475	10 
1476	17 
1477	7 
1478	13 
1479	1 
1480	6 
1481	1 
1482	17 
1483	13 
1484	7 
1485	7 
1486	17 
1487	8 
1488	17 
1489	17 
1490	6 
1491	10 
1492	10 
1493	13 
1494	12 
1495	6 
1496	1 
1497	10 
1498	1 
1499	17 
1500	7 
1501	6 
1502	6 
1503	6 
1504	13 
1505	9 
1506	13 
1507	1 
1508	9 
1509	10 
1510	6 
1511	9 
1512	14 
1513	1 
1514	7 
1515	17 
1516	17 
1517	6 
1518	1 
1519	6 
1520	10 
1521	7 
1522	17 
1523	1 
1524	6 
1525	1 
1526	1 
1527	7 
1528	1 
1529	1 
1530	10 
1531	1 
1532	17 
1533	7 
1534	1 
1535	6 
1536	7 
1537	17 
1538	1 
1539	17 
1540	1 
1541	17 
1542	1 
1543	1 
1544	7 
1545	17 
1546	7 
1547	13 
1548	10 
1549	7 
1550	7 
1551	6 
1552	10 
1553	1 
1554	6 
1555	7 
1556	17 
1557	10 
1558	17 
1559	10 
1560	17 
1561	17 
1562	10 
1563	6 
1564	10 
1565	7 
1566	1 
1567	10 
1568	17 
1569	6 
1570	13 
1571	6 
1572	1 
1573	6 
1574	13 
1575	17 
1576	17 
1577	7 
1578	17 
1579	10 
1580	1 
1581	1 
1582	9 
1583	6 
1584	1 
1585	7 
1586	7 
1587	17 
1588	7 
1589	17 
1590	1 
1591	7 
1592	7 
1593	17 
1594	1 
1595	17 
1596	1 
1597	17 
1598	10 
1599	1 
1600	17 
