1	1351	1519
2	1577	1599
3	1386	1399
4	1582	1590
5	1584	1598
6	1579	1593
7	1596	1599
8	1521	1589
9	1592	1593
10	1144	1463
11	846	903	1089
12	1585	1592
13	1337	1598
14	1039	1591
15	1018	1600
16	1582	1600
17	1596	1599
18	974	1593
19	1588	1595
20	948	1260
21	1554	1573
22	1597	1600
23	1579	1582
24	1565	1593
25	1581	1591
26	1224	1581
27	555	1567
28	1574	1588
29	1593	1600
30	886	1591
31	1427	1464
32	1506	1600
33	1379	1468
34	1590	1596
35	1413	1573
36	1593	1597
37	1592	1600
38	1522	1590
39	1563	1571
40	1596	1599
41	1579	1581
42	1237	1555
43	1565	1588
44	1562	1592
45	1121	1506
46	1586	1600
47	1437	1586
48	606	1598
49	1591	1597
50	1597	1600
51	1155	1432
52	1597	1600
53	1597	1600
54	1515	1582
55	1412	1598
56	1451	1592
57	1595	1600
58	1571	1599
59	1591	1592
60	926	1598
61	1505	1596
62	1597	1600
63	1591	1592
64	1597	1600
65	1471	1596
66	1551	1571
67	1570	1599
68	1571	1593
69	1142	1427
70	1552	1595
71	693	715
72	1589	1598
73	1303	1591
74	1563	1583
75	1499	1579
76	1490	1583
77	1504	1600
78	1598	1599
79	1579	1598
80	1585	1588
81	1019	1583
82	1466	1524
83	1536	1597
84	1595	1600
85	1585	1592
86	1304	1591
87	745	1591
88	1592	1593
89	653	1507
90	1194	1600
91	1597	1600
92	1585	1592
93	1527	1599
94	1586	1591
95	1340	1456
96	1573	1583
97	988	1130
98	1567	1592
99	1129	1591
100	1468	1559
101	750	1190
102	1471	1550
103	1504	1565
104	1462	1577
105	1596	1599
106	1598	1600
107	1581	1588
108	1525	1598
109	1397	1592
110	1126	1600
111	1579	1592
112	1155	1454
113	1597	1600
114	1199	1239
115	1595	1598
116	1475	1598
117	744	1323
118	384	1362
119	1582	1586
120	1586	1588
121	712	1580
122	1597	1600
123	843	1555
124	1232	1598
125	1491	1598
126	1599	1600
127	1581	1600
128	1026	1598
129	1592	1594
130	1416	1592
131	1585	1591
132	1553	1574
133	1594	1600
134	1550	1555
135	1565	1598
136	1572	1598
137	1396	1586
138	1586	1591
139	1596	1599
140	1597	1600
141	1596	1600
142	931	1546
143	1529	1600
144	859	1598
145	1596	1598
146	1581	1595
147	1577	1586
148	985	1598
149	1593	1596
150	1425	1598
151	1596	1599
152	1596	1599
153	1593	1600
154	1493	1599
155	1596	1599
156	1353	1550
157	1530	1598
158	1505	1582
159	892	1494
160	1585	1586
161	1598	1600
162	1567	1598
163	1579	1598
164	1494	1594
165	458	1585
166	1487	1564
167	1596	1599
168	1539	1598
169	1588	1593
170	1009	1582
171	1341	1544
172	1264	1471
173	1468	1470
174	1593	1600
175	1110	1279
176	1585	1591
177	1584	1599
178	1261	1570
179	561	750
180	1226	1596
181	1320	1596
182	1589	1599
183	1597	1600
184	1597	1600
185	1131	1585
186	1213	1594
187	1570	1574
188	1596	1599
189	1579	1598
190	1596	1599
191	1466	1571
192	1593	1600
193	194	1596
194	193	1598
195	1501	1599
196	1302	1596
197	1594	1600
198	1543	1547
199	1348	1594
200	1597	1600
201	1260	1494
202	1484	1586
203	633	1582
204	1594	1599
205	1480	1583
206	1557	1598
207	1292	1600
208	1455	1594
209	1585	1592
210	1554	1563
211	1379	1385
212	1241	1585
213	1538	1600
214	1586	1589
215	846
216	1554	1596
217	1596	1599
218	1589	1599
219	1593	1598
220	1575	1582
221	1590	1596
222	1595	1600
223	243	1598
224	1597	1600
225	1586	1591
226	1265	1593
227	1342	1570
228	1598	1600
229	1596	1599
230	1490	1598
231	1590	1597
232	1563	1573
233	1596	1599
234	1318	1590
235	1586	1591
236	1588	1590
237	1364	1566
238	1489	1574
239	1456	1600
240	1465	1574
241	1592	1593
242	1492	1595
243	223	1598
244	693	1582
245	751	1597
246	1572	1598
247	1325	1427
248	1599	1600
249	1561	1598
250	265	1596
251	1493	1574
252	1252	1456
253	1598	1599
254	1209	1503
255	1510	1590
256	1425	1596
257	1549	1598
258	1589	1598
259	1533	1550
260	1205	1593
261	992	1592
262	967	1592
263	1487	1563
264	1564	1598
265	250	1520
266	1596	1599
267	1577	1588
268	1585	1596
269	1367	1439
270	1464	1487
271	1371	1399
272	1464	1487
273	553	1600
274	1579	1598
275	1545	1586
276	1201	1591
277	1227	1598
278	1569	1583
279	1370	1574
280	1478	1577
281	1592	1598
282	1495	1569
283	1567	1582
284	1375	1565
285	1597	1600
286	1288	1586
287	1597	1600
288	1559	1593
289	835	1472
290	1593	1597
291	1586	1592
292	1356	1590
293	1480	1593
294	1487	1535
295	1279	1596
296	1474	1598
297	1099	1399
298	1233	1587
299	1031	1125
300	1588	1592
301	1564	1598
302	1596	1599
303	1547	1574
304	1348	1582
305	1071	1585
306	1590	1595
307	1585	1588
308	1591	1592
309	1593	1594
310	1590	1599
311	1317	1598
312	1597	1600
313	1369	1598
314	1565	1590
315	1591	1592
316	1599	1600
317	1534	1582
318	1596	1599
319	1467	1563
320	1471	1582
321	1594	1598
322	1550	1586
323	1590	1599
324	1598	1599
325	1223	1468
326	1352	1411
327	1597	1600
328	1543	1593
329	1318	1598
330	1438	1582
331	1493	1547
332	1577	1592
333	1495	1577
334	1570	1594
335	1595	1597
336	1586	1592
337	1395	1583
338	1593	1600
339	532	1590
340	1590	1595
341	1597	1600
342	1579	1598
343	1494	1540
344	1569	1573
345	902	1598
346	1562	1598
347	1585	1592
348	1521	1600
349	1551	1571
350	1595	1600
351	1411	1512
352	1387	1600
353	567	1581
354	1588	1596
355	1494	1518
356	1560	1588
357	881	1570
358	1471	1584
359	1585	1599
360	1552	1579
361	1091	1256
362	1585	1591
363	1582	1592
364	1570	1591
365	1596	1599
366	1209	1468
367	920	1588
368	1596	1599
369	1424	1468
370	677	1590
371	1597	1600
372	792	1508
373	1597	1600
374	1280	1598
375	1305	1583
376	1596	1600
377	1539	1583
378	1587	1591
379	1596	1599
380	1550	1591
381	1597	1600
382	1552	1598
383	1158	1577
384	118	1475
385	1597	1600
386	1590	1591
387	1599	1600
388	1462	1545
389	1506	1591
390	1546	1592
391	1596	1599
392	1527	1586
393	1549	1593
394	1424	1468
395	1588	1591
396	1365	1512
397	1597	1598
398	1597	1600
399	1527	1587
400	1588	1591
401	1453	1563
402	1264	1600
403	559	1588
404	1597	1600
405	1435	1596
406	867	1597
407	1593	1599
408	1599	1600
409	1299	1583
410	1597	1600
411	1437	1598
412	1565	1586
413	785	1554
414	1513	1595
415	1579	1598
416	1061	1586
417	1458	1583
418	1369	1591
419	1527	1588
420	1597	1600
421	1478	1586
422	1520	1598
423	1448	1546
424	1409	1598
425	1431	1552
426	1594	1600
427	1421	1527
428	1207	1518
429	846	1598
430	1068	1600
431	1074	1600
432	979	1551
433	1580	1600
434	1522	1592
435	1391	1594
436	1487	1600
437	863	1591
438	1533	1592
439	1563	1596
440	1252	1553
441	1209	1589
442	1521	1599
443	1450	1584
444	1596	1599
445	1495	1583
446	1382	1598
447	1111	1590
448	1424	1468
449	780	1598
450	1013	1592
451	1595	1600
452	1139	1519
453	1594	1598
454	1597	1600
455	1586	1592
456	1494	1597
457	1596	1599
458	165	1582
459	1554	1600
460	1461	1512
461	1585	1592
462	1470	1582
463	1570	1574
464	1205	1590
465	1266	1547
466	1050	1592
467	1593	1596
468	1439	1508
469	821	1596
470	1443	1586
471	1583	1600
472	725	1598
473	1596	1599
474	1598	1600
475	1597	1600
476	1596	1600
477	1233	1585
478	1597	1600
479	1310	1585
480	1542	1573
481	1437	1596
482	1597	1600
483	801	1438
484	1555	1596
485	1595	1600
486	1569	1590
487	1468	1580
488	1569	1583
489	1573	1583
490	1588	1592
491	1597	1600
492	1535	1573
493	1594	1599
494	1597	1600
495	1493	1536
496	1527	1582
497	895	1574
498	1478	1487
499	1473	1511
500	1508	1582
501	1240	1600
502	1594	1599
503	1596	1599
504	1589	1592
505	1514	1548
506	1584	1599
507	1502	1516
508	1242	1600
509	1582	1590
510	1579	1598
511	1515	1591
512	1547	1570
513	957	1574
514	1591	1594
515	1591	1592
516	1304	1592
517	1036	1585
518	1299	1520
519	981	1600
520	1501	1598
521	1559	1598
522	1215	1540
523	1597	1600
524	1124	1579
525	1468	1529
526	1223	1468
527	1458	1519
528	1575	1590
529	1414	1583
530	1564	1598
531	1588	1591
532	339	1544
533	1586	1600
534	1368	1590
535	1480	1554
536	1562	1598
537	1274	1598
538	1593	1600
539	1344	1386
540	1004	1511
541	1598	1600
542	1597	1600
543	833	1591
544	1438	1582
545	1292	1376
546	1447	1596
547	1559	1598
548	1511	1539
549	1080	1596
550	630	1592
551	1471	1598
552	1497	1598
553	273	1233
554	1506	1575
555	27	1599
556	1477	1529
557	887	1434
558	1380	1569
559	403	1547
560	1584	1596
561	179	1598
562	1355	1524
563	1563	1583
564	809	1081
565	1456	1511
566	1503	1583
567	353	1600
568	1597	1600
569	716	1582
570	1597	1600
571	1452	1483
572	766	1494
573	1313	1600
574	1597	1600
575	1592	1598
576	1358	1598
577	1596	1599
578	1065	1600
579	1344	1599
580	1422	1585
581	1596	1599
582	1554	1598
583	731	883
584	1230	1592
585	1532	1599
586	734	1551
587	1583	1600
588	1597	1600
589	1574	1595
590	1596	1599
591	1551	1597	1600
592	1259	1556	1582
593	1563	1583	1585
594	1005	1584	1599
595	1579	1597	1600
596	1434	1597	1600
597	1166	1597	1600
598	1469	1577	1599
599	600	1047	1342
600	599	1597	1600
601	1321	1555	1592
602	1562	1597	1598
603	1497	1580	1598
604	1587	1590	1599
605	1388	1416	1533
606	48	1596	1599
607	1581	1588	1591
608	1541	1567	1598
609	1584	1597	1600
610	1380	1596	1599
611	1593	1598	1600
612	1410	1596	1598
613	1316	1342	1511
614	1081	1452	1574
615	1475	1523	1598
616	1127	1508	1582
617	762	1559	1598
618	619	1530	1598
619	618	1596	1599
620	1503	1571	1597
621	704	1588	1592
622	1329	1466	1592
623	1570	1597	1600
624	1355	1597	1600
625	1376	1512	1599
626	1557	1587	1598
627	1524	1588	1591
628	1218	1375	1419
629	826	1229	1592
630	550	1564	1598
631	1591	1592	1594
632	1161	1594	1599
633	203	1505	1588
634	872	1213	1362
635	1584	1586	1588
636	1485	1597	1600
637	1577	1580	1592
638	1565	1591	1597
639	1592	1597	1600
640	1478	1597	1600
641	1163	1597	1600
642	1043	1577	1592
643	1372	1588	1599
644	1596	1597	1599
645	1260	1494	1541
646	1235	1555	1585
647	756	930	1508
648	1388	1543	1569
649	1592	1596	1599
650	1067	1588	1592
651	746	1588	1591
652	1584	1595	1596
653	89	1074	1574
654	1534	1597	1600
655	1514	1591	1592
656	1595	1598	1600
657	1583	1596	1599
658	1310	1596	1599
659	1527	1586	1599
660	1558	1596	1599
661	1580	1593	1597
662	1378	1595	1598
663	1500	1573	1592
664	667	1196	1505
665	1254	1374	1585
666	1547	1574	1590
667	664	679	1565
668	1458	1510	1600
669	1560	1565	1588
670	1197	1588	1598
671	1464	1487	1594
672	1474	1584	1598
673	1592	1595	1600
674	1493	1570	1574
675	1526	1595	1600
676	1255	1597	1600
677	370	1579	1598
678	1319	1596	1599
679	667	1281	1554
680	1135	1524	1583
681	1571	1572	1583
682	1462	1590	1599
683	1008	1593	1600
684	1520	1597	1600
685	1417	1595	1600
686	788	1586	1588
687	1565	1573	1586
688	1384	1594	1599
689	1413	1564	1598
690	1594	1596	1599
691	1070	1209	1587
692	1109	1527	1585
693	71	244	1582
694	1571	1595	1600
695	1455	1591	1600
696	1590	1596	1599
697	1510	1596	1599
698	1375	1546	1591
699	1094	1570	1574
700	1553	1577	1591
701	1590	1597	1600
702	1533	1561	1588
703	1547	1574	1595
704	621	1509	1598
705	1555	1584	1586
706	1555	1577	1592
707	1034	1567	1598
708	1464	1487	1581
709	851	1591	1592
710	1585	1588	1599
711	1037	1512	1536
712	121	1447	1595
713	912	1593	1595
714	1569	1583	1585
715	71	1505	1544
716	569	1281	1470
717	1256	1429	1586
718	1014	1595	1600
719	757	1570	1574
720	1195	1298	1598
721	1554	1595	1600
722	1546	1590	1599
723	1534	1585	1592
724	1547	1574	1581
725	472	1584	1594
726	1252	1368	1582
727	1595	1597	1600
728	1564	1590	1598
729	1530	1594	1596
730	1594	1596	1599
731	583	1239	1476
732	1389	1585	1591
733	741	1595	1600
734	586	1367	1512
735	1269	1595	1600
736	1557	1591	1598
737	1404	1585	1598
738	1434	1443	1571
739	774	1494	1595
740	1585	1591	1592
741	733	1585	1592
742	1530	1596	1598
743	1557	1579	1598
744	117	1494	1573
745	87	766	1494
746	651	778	1582
747	1528	1562	1598
748	1220	1566	1571
749	901	1536	1588
750	101	179	906
751	245	1574	1600
752	1502	1593	1595
753	1585	1591	1597
754	1585	1591	1594
755	1586	1591	1597
756	647	1213	1595
757	719	1551	1563
758	1510	1517	1583
759	1575	1596	1599
760	1320	1585	1599
761	1326	1527	1591
762	617	1591	1592
763	1359	1575	1598
764	1124	1208	1214
765	1243	1585	1592
766	572	745	1474
767	1585	1596	1599
768	1374	1579	1598
769	1579	1592	1598
770	1596	1599	1600
771	1574	1586	1592
772	1597	1599	1600
773	1484	1533	1591
774	739	1494	1573
775	1080	1496	1586
776	1387	1593	1598
777	1346	1428	1582
778	746	917	1593
779	1546	1569	1586
780	449	1594	1599
781	1585	1597	1600
782	1202	1251	1512
783	1590	1595	1600
784	1448	1451	1598
785	413	1595	1600
786	1510	1543	1583
787	1475	1598	1599
788	686	1596	1599
789	1031	1125	1566
790	1011	1233	1575
791	1562	1595	1600
792	372	1533	1582
793	1260	1494	1599
794	1052	1562	1598
795	1551	1566	1573
796	1379	1424	1581
797	1514	1579	1598
798	1520	1550	1588
799	1379	1424	1468
800	1592	1594	1596
801	483	1597	1600
802	1595	1597	1600
803	1593	1598	1600
804	850	1086	1401
805	1577	1596	1599
806	1121	1459	1598
807	1311	1596	1599
808	922	1596	1599
809	564	1252	1582
810	1478	1574	1590
811	1083	1548	1598
812	1428	1456	1593
813	1586	1591	1598
814	1557	1584	1598
815	1590	1593	1600
816	1595	1597	1600
817	1353	1386	1399
818	1372	1595	1600
819	1594	1596	1599
820	1594	1599	1600
821	469	1588	1591
822	1446	1596	1599
823	1533	1590	1596
824	1588	1591	1592
825	1583	1590	1599
826	629	1363	1591
827	1593	1596	1600
828	1596	1598	1599
829	1538	1570	1574
830	1550	1597	1600
831	1477	1545	1592
832	1557	1560	1598
833	543	1595	1600
834	1480	1517	1569
835	289	1585	1591
836	1507	1593	1600
837	1247	1407	1487
838	911	1485	1592
839	1583	1593	1600
840	1381	1594	1599
841	1595	1597	1600
842	1593	1598	1600
843	123	1590	1599
844	1111	1537	1585
845	1497	1508	1582
846	11	215	429
847	1573	1583	1598
848	1508	1511	1515
849	1510	1542	1563
850	804	1444	1525
851	709	1469	1581
852	1210	1590	1596
853	1542	1597	1600
854	1559	1597	1598
855	1585	1591	1592
856	1445	1479	1485
857	1579	1591	1598
858	1340	1500	1591
859	144	1320	1334
860	1502	1597	1600
861	1577	1597	1600
862	1485	1591	1592
863	437	1593	1600
864	1115	1594	1599
865	1434	1521	1535
866	1393	1593	1600
867	406	1505	1582
868	942	1593	1600
869	1447	1548	1598
870	1517	1573	1593
871	1585	1597	1600
872	634	1444	1544
873	1567	1597	1598
874	1272	1554	1573
875	1504	1526	1574
876	1480	1583	1599
877	1461	1591	1592
878	1562	1564	1598
879	1546	1591	1592	1599
880	1214	1511	1576	1582
881	357	1455	1591	1592
882	1571	1593	1597	1600
883	583	1595	1597	1600
884	1592	1595	1597	1600
885	1565	1594	1595	1599
886	30	1504	1570	1574
887	557	1562	1579	1598
888	1427	1464	1487	1542
889	1084	1520	1598	1600
890	1465	1506	1547	1560
891	926	1335	1514	1592
892	159	1055	1330	1494
893	1574	1595	1597	1600
894	1593	1595	1599	1600
895	497	1558	1570	1574
896	1537	1594	1596	1599
897	1368	1470	1505	1546
898	1591	1594	1596	1599
899	1379	1424	1468	1595
900	993	1595	1597	1600
901	749	1263	1475	1598
902	345	1434	1517	1569
903	11	1498	1597	1600
904	1442	1544	1586	1591
905	1042	1564	1571	1598
906	750	1502	1517	1554
907	1594	1595	1596	1599
908	1588	1593	1595	1600
909	1557	1594	1596	1599
910	1342	1469	1588	1591
911	838	1340	1511	1582
912	713	1594	1595	1599
913	1157	1395	1547	1570
914	1592	1594	1596	1599
915	1327	1564	1572	1598
916	1378	1567	1597	1598
917	778	1085	1371	1582
918	1410	1596	1598	1599
919	1586	1591	1592	1598
920	367	1494	1548	1597
921	1449	1517	1569	1597
922	808	1348	1477	1588
923	1500	1559	1579	1598
924	1413	1594	1596	1599
925	1304	1586	1591	1594
926	60	891	1259	1391
927	1268	1594	1596	1599
928	1233	1239	1598	1599
929	1593	1594	1596	1599
930	647	1582	1596	1598
931	142	1587	1596	1599
932	1257	1492	1597	1598
933	1593	1595	1597	1599
934	1496	1595	1597	1600
935	1588	1594	1596	1599
936	1591	1595	1597	1600
937	1523	1547	1570	1574
938	1373	1594	1596	1599
939	1394	1584	1596	1599
940	1523	1571	1582	1583
941	1594	1596	1597	1599
942	868	1594	1596	1599
943	990	1410	1490	1598
944	1431	1511	1546	1588
945	1589	1594	1596	1599
946	1516	1536	1586	1592
947	1565	1588	1592	1597
948	20	1595	1597	1600
949	1517	1556	1571	1583
950	1557	1579	1596	1598
951	1435	1586	1591	1592
952	1559	1595	1597	1600
953	1087	1352	1567	1598
954	1302	1437	1591	1592
955	1595	1597	1598	1600
956	1258	1548	1596	1598
957	513	1595	1596	1599
958	1567	1594	1596	1599
959	1295	1590	1594	1596
960	1483	1574	1582	1585
961	1590	1596	1598	1599
962	1456	1471	1578	1582
963	1180	1594	1596	1599
964	1455	1559	1585	1592
965	1575	1592	1596	1599
966	1153	1226	1582	1584
967	262	1590	1594	1596
968	1019	1563	1583	1594
969	1594	1596	1599	1600
970	1451	1595	1597	1600
971	1513	1595	1597	1600
972	1003	1432	1470	1582
973	1572	1595	1597	1600
974	18	1594	1596	1599
975	1267	1558	1570	1574
976	978	1518	1552	1598
977	1569	1595	1597	1600
978	976	1580	1591	1592
979	432	1495	1516	1569
980	1263	1579	1597	1598
981	519	1472	1585	1586
982	1342	1364	1582	1594
983	1480	1502	1567	1569
984	1564	1579	1593	1598
985	148	1416	1460	1592
986	1581	1590	1593	1599
987	1102	1595	1597	1600
988	97	996	1586	1592
989	1275	1595	1597	1600
990	943	1123	1567	1598
991	1593	1596	1597	1600
992	261	1155	1456	1471
993	900	1427	1464	1487
994	1312	1594	1596	1599
995	1463	1535	1551	1563
996	988	1478	1570	1574
997	1556	1594	1596	1599
998	1400	1552	1579	1598
999	1501	1510	1535	1596
1000	1569	1571	1573	1588
1001	1337	1508	1582	1592
1002	1591	1594	1596	1599
1003	972	1245	1259	1582
1004	540	1182	1438	1511
1005	594	1455	1544	1592
1006	1497	1594	1596	1599
1007	1505	1594	1595	1599
1008	683	1581	1594	1599
1009	170	1470	1472	1582
1010	1561	1565	1586	1591
1011	790	1239	1567	1598
1012	1577	1588	1592	1599
1013	450	1469	1492	1598
1014	718	1564	1567	1598
1015	1043	1133	1588	1592
1016	1213	1595	1597	1600
1017	1593	1597	1599	1600
1018	15	1347	1470	1505
1019	81	968	1583	1598
1020	1502	1566	1569	1583
1021	1591	1593	1597	1600
1022	1136	1281	1372	1574
1023	1555	1562	1576	1591
1024	1033	1582	1593	1600
1025	1240	1569	1583	1597
1026	128	1266	1506	1570
1027	1453	1490	1501	1558
1028	1559	1562	1590	1598
1029	1493	1570	1574	1595
1030	1410	1595	1597	1600
1031	299	789	1125	1600
1032	1178	1456	1471	1588
1033	1024	1267	1596	1599
1034	707	1595	1597	1600
1035	1101	1581	1590	1594
1036	517	1554	1583	1592
1037	711	1461	1512	1540
1038	1147	1211	1583	1597
1039	14	1348	1588	1597
1040	1533	1594	1596	1599
1041	1445	1571	1577	1585
1042	905	1415	1530	1596	1598
1043	642	1015	1594	1596	1599
1044	1212	1593	1597	1599	1600
1045	1463	1592	1594	1596	1599
1046	1056	1211	1286	1515	1523
1047	599	1470	1471	1582	1589
1048	1450	1454	1499	1508	1511
1049	1584	1593	1595	1597	1600
1050	466	1593	1595	1597	1600
1051	1076	1370	1504	1506	1574
1052	794	1384	1463	1559	1598
1053	1171	1584	1594	1596	1599
1054	1567	1593	1595	1597	1598
1055	892	1260	1494	1586	1596
1056	1046	1117	1580	1582	1596
1057	1383	1593	1595	1597	1600
1058	1581	1590	1596	1598	1599
1059	1557	1593	1595	1597	1600
1060	1589	1590	1594	1596	1599
1061	416	1327	1491	1552	1579
1062	1078	1593	1595	1597	1600
1063	1315	1594	1596	1599	1600
1064	1096	1363	1492	1596	1598
1065	578	1592	1594	1596	1599
1066	1495	1562	1595	1597	1600
1067	650	1390	1585	1587	1592
1068	430	1368	1511	1582	1597
1069	1277	1484	1588	1591	1592
1070	691	1209	1444
1071	305	1557	1567	1598	1600
1072	1411	1425	1475	1512	1581
1073	1113	1301	1519	1573	1583
1074	431	653	1548	1579	1598
1075	1136	1347	1456	1582	1595
1076	1051	1595	1597	1599	1600
1077	1508	1580	1594	1596	1599
1078	1062	1254	1465	1570	1574
1079	1580	1595	1597	1598	1600
1080	549	775	1178	1577	1585
1081	564	614	1281	1299	1454
1082	1207	1550	1565	1580	1586
1083	811	1593	1595	1597	1600
1084	889	1556	1567	1589	1598
1085	917	1220	1226	1347	1600
1086	804	1178	1471	1582	1599
1087	953	1280	1595	1597	1600
1088	1578	1590	1594	1596	1599
1089	11	1590	1594	1596	1599
1090	1557	1594	1596	1599	1600
1091	361	1586	1588	1590	1592
1092	1481	1593	1595	1597	1600
1093	1298	1327	1405	1448	1598
1094	699	1452	1483	1525	1570
1095	1582	1595	1597	1599	1600
1096	1064	1530	1564	1567	1599
1097	1104	1241	1556	1557	1598
1098	1590	1594	1596	1599	1600
1099	297	1484	1585	1588	1592
1100	1350	1353	1386	1399	1576
1101	1035	1116	1593	1597	1600
1102	987	1500	1577	1586	1593
1103	1225	1384	1587	1589	1598
1104	1097	1105	1559	1579	1598
1105	1104	1593	1595	1597	1600
1106	1257	1509	1550	1579	1598
1107	1250	1591	1595	1597	1600
1108	1110	1503	1571	1573	1591
1109	692	1536	1571	1588	1591
1110	175	1108	1365	1461	1583
1111	447	844	1565	1588	1591
1112	1477	1521	1566	1588	1591
1113	1073	1202	1411	1461	1512
1114	1559	1590	1594	1596	1599
1115	864	1500	1586	1587	1592
1116	1101	1393	1503	1563	1583
1117	1056	1259	1438	1500	1582
1118	1199	1234	1422	1521	1546
1119	1586	1590	1594	1596	1599
1120	1369	1462	1563	1573	1583
1121	45	806	1552	1562	1598
1122	1549	1591	1594	1596	1599
1123	990	1544	1594	1596	1599
1124	524	764	1340	1582	1587
1125	299	789	1031	1598	1599
1126	110	1226	1355	1509	1598
1127	616	1450	1454	1542	1582
1128	1533	1593	1594	1596	1599
1129	99	1590	1594	1596	1599	1600
1130	97	1589	1593	1595	1597	1600
1131	185	1562	1593	1595	1597	1600
1132	1512	1577	1593	1595	1597	1600
1133	1015	1385	1577	1586	1592	1595
1134	1159	1282	1445	1517	1585	1592
1135	680	1488	1584	1594	1596	1599
1136	1022	1075	1211	1470	1579	1582
1137	1407	1590	1594	1596	1599	1600
1138	1421	1430	1590	1594	1596	1599
1139	452	1465	1593	1595	1597	1600
1140	1229	1589	1593	1595	1597	1600
1141	1470	1577	1588	1591	1592	1599
1142	69	1337	1466	1548	1562	1598
1143	1144	1145	1565	1585	1588	1592
1144	10	1143	1347	1438	1505	1593
1145	1143	1466	1495	1535	1583	1588
1146	1166	1354	1398	1538	1548	1598
1147	1038	1335	1535	1569	1583	1597
1148	1153	1428	1450	1471	1545	1576
1149	1164	1289	1395	1483	1570	1589
1150	1589	1592	1593	1595	1597	1600
1151	1223	1263	1309	1447	1567	1579
1152	1347	1420	1593	1595	1597	1600
1153	966	1148	1155	1582	1593	1600
1154	1370	1390	1478	1574	1589	1596
1155	51	112	992	1153	1286	1590
1156	1331	1407	1427	1437	1464	1487
1157	913	1162	1530	1563	1564	1598
1158	383	1562	1590	1594	1596	1599
1159	1134	1507	1524	1588	1591	1592
1160	1305	1581	1590	1594	1596	1597
1161	632	1162	1593	1595	1597	1600
1162	1157	1161	1491	1530	1586	1598
1163	641	1413	1501	1502	1573	1583
1164	1149	1394	1530	1552	1557	1585
1165	1571	1583	1593	1595	1597	1600
1166	597	1146	1526	1530	1567	1598
1167	1412	1552	1590	1594	1596	1599
1168	1170	1477	1500	1526	1591	1592
1169	1299	1593	1595	1596	1597	1600
1170	1168	1452	1506	1547	1572	1574
1171	1053	1172	1593	1595	1597	1600
1172	1171	1256	1590	1594	1596	1599
1173	1390	1478	1497	1520	1557	1598
1174	1354	1388	1509	1572	1579	1598
1175	1403	1447	1590	1594	1596	1599
1176	1565	1593	1595	1597	1599	1600
1177	1180	1237	1395	1506	1570	1596
1178	1032	1080	1086	1428	1499	1582
1179	1311	1524	1551	1583	1594	1600
1180	963	1177	1284	1541	1570	1574
1181	1530	1591	1593	1595	1597	1600
1182	1004	1585	1590	1594	1596	1599
1183	1468	1593	1595	1597	1599	1600
1184	1246	1452	1593	1595	1597	1600
1185	1248	1584	1590	1594	1596	1599
1186	1539	1576	1590	1594	1596	1599
1187	1445	1553	1555	1586	1588	1593
1188	1452	1514	1570	1577	1586	1588
1189	1536	1550	1593	1595	1597	1600
1190	101	1495	1584	1590	1594	1599
1191	1492	1589	1593	1595	1597	1600
1192	1480	1581	1593	1595	1597	1600
1193	1524	1563	1573	1576	1583	1594
1194	90	1431	1485	1586	1590	1591
1195	720	1584	1590	1594	1596	1599
1196	664	1368	1428	1470	1586	1600
1197	670	1479	1520	1579	1594	1598
1198	1500	1579	1590	1594	1596	1599
1199	114	1118	1593	1595	1597	1600
1200	1245	1318	1533	1564	1592	1598
1201	276	1501	1593	1595	1597	1600
1202	782	1113	1376	1461	1512	1592
1203	1385	1521	1535	1585	1591	1592
1204	1485	1549	1561	1588	1592	1594
1205	260	464	1284	1465	1493	1574
1206	1546	1584	1590	1594	1596	1599	1600
1207	428	1082	1484	1583	1585	1586	1599
1208	764	1360	1577	1586	1588	1591	1592
1209	254	366	441	691	1070	1527	1562
1210	852	1531	1589	1593	1595	1597	1600
1211	1038	1046	1136	1450	1505	1582	1583
1212	1044	1584	1590	1594	1596	1597	1599
1213	186	634	756	1016	1264	1286	1582
1214	764	880	1323	1347	1428	1438	1587
1215	522	1397	1524	1546	1577	1585	1591
1216	1217	1218	1589	1593	1595	1597	1600
1217	1216	1377	1549	1556	1586	1588	1592
1218	628	1216	1565	1586	1588	1592	1594
1219	1382	1453	1563	1569	1571	1573	1590
1220	748	1085	1510	1554	1565	1569	1571
1221	1502	1519	1528	1554	1571	1573	1588
1222	1480	1499	1584	1590	1594	1596	1599
1223	325	526	1151	1379	1424	1468	1539
1224	26	1520	1585	1586	1588	1590	1592
1225	1103	1410	1492	1497	1580	1588	1598
1226	180	966	1085	1126	1454	1582	1584
1227	277	1447	1520	1541	1552	1596	1598
1228	1317	1541	1584	1590	1594	1596	1599
1229	629	1140	1584	1590	1594	1596	1599
1230	584	1438	1589	1593	1595	1597	1600
1231	1292	1352	1367	1396	1461	1512	1585
1232	124	1272	1375	1549	1581	1588	1592
1233	298	477	553	790	928	1441	1574
1234	1118	1257	1552	1557	1579	1597	1598
1235	646	1378	1584	1590	1594	1596	1599
1236	1240	1588	1589	1593	1595	1597	1600
1237	42	1177	1458	1483	1506	1547	1570
1238	1472	1589	1591	1593	1595	1597	1600
1239	114	731	928	1011	1243	1363	1600
1240	501	1025	1236	1480	1535	1571	1573
1241	212	1097	1330	1474	1559	1579	1598
1242	508	1584	1590	1592	1594	1596	1599
1243	765	1239	1426	1593	1595	1597	1600
1244	1262	1449	1589	1593	1595	1597	1600
1245	1003	1200	1378	1548	1562	1591	1598
1246	1184	1521	1577	1585	1588	1591	1600
1247	837	1589	1593	1595	1597	1598	1600
1248	1185	1528	1589	1593	1595	1597	1600
1249	1324	1356	1359	1579	1584	1595	1598
1250	1107	1377	1445	1561	1565	1588	1592
1251	782	1546	1584	1590	1594	1596	1599
1252	252	440	726	809	1522	1582	1600
1253	1440	1464	1517	1535	1563	1573	1583
1254	665	1078	1589	1593	1595	1597	1600
1255	676	1329	1403	1478	1536	1577	1592
1256	361	717	1172	1491	1549	1565	1588
1257	932	1106	1234	1417	1562	1570	1598
1258	956	1424	1492	1567	1573	1579	1598
1259	592	926	1003	1117	1299	1563	1582
1260	20	201	645	793	1055	1494	1598
1261	178	1578	1584	1590	1594	1596	1599
1262	1244	1519	1563	1569	1571	1583	1600
1263	901	980	1151	1497	1504	1548	1598	1600
1264	172	402	1213	1342	1444	1582	1594	1595
1265	226	1482	1581	1584	1590	1594	1596	1599
1266	465	1026	1485	1493	1570	1572	1574	1588
1267	975	1033	1457	1478	1504	1547	1570	1574
1268	927	1364	1404	1439	1491	1548	1557	1598
1269	735	1578	1581	1584	1590	1594	1596	1599
1270	1384	1447	1520	1564	1579	1592	1598	1600
1271	1574	1587	1589	1593	1595	1596	1597	1600
1272	874	1232	1424	1535	1536	1555	1591	1592
1273	1500	1581	1584	1590	1594	1596	1598	1599
1274	537	1420	1544	1552	1567	1588	1598	1600
1275	989	1472	1514	1577	1585	1587	1588	1592
1276	1525	1530	1552	1589	1593	1595	1597	1600
1277	1069	1581	1584	1590	1594	1596	1597	1600
1278	1458	1469	1584	1590	1594	1596	1598	1599
1279	175	295	1371	1585	1586	1588	1591	1592
1280	374	1087	1584	1590	1594	1596	1599	1600
1281	679	716	1022	1081	1444	1541	1582	1595
1282	1134	1445	1587	1589	1593	1595	1597	1600
1283	1300	1310	1544	1577	1579	1588	1592	1600
1284	1180	1205	1493	1498	1547	1553	1570	1574
1285	1533	1577	1585	1588	1591	1592	1593	1596
1286	1046	1155	1213	1315	1340	1511	1582	1597
1287	1581	1584	1589	1590	1593	1594	1596	1599
1288	286	1297	1385	1585	1588	1591	1592	1597
1289	1149	1418	1478	1483	1504	1506	1574	1600
1290	1395	1408	1440	1549	1565	1585	1586	1597
1291	1478	1561	1584	1590	1593	1594	1596	1599
1292	207	545	1231	1352	1425	1512	1531	1578
1293	1402	1587	1589	1593	1595	1597	1599	1600
1294	1408	1472	1539	1577	1584	1588	1591	1596
1295	959	1481	1584	1589	1593	1595	1597	1600
1296	1414	1475	1587	1589	1593	1595	1597	1600
1297	1288	1557	1581	1584	1590	1594	1596	1599
1298	720	1093	1346	1398	1559	1579	1592	1598
1299	409	518	1081	1169	1259	1340	1444	1450
1300	1283	1537	1549	1585	1586	1592	1595	1600
1301	1073	1455	1510	1563	1569	1571	1573	1598
1302	196	954	1587	1589	1593	1595	1597	1600
1303	73	1509	1530	1589	1593	1595	1597	1600
1304	86	516	925	1533	1575	1586	1588	1589
1305	375	1160	1578	1587	1589	1593	1595	1597	1600
1306	1381	1394	1488	1492	1557	1564	1583	1588	1598
1307	1311	1407	1587	1589	1593	1594	1595	1597	1600
1308	1326	1488	1517	1524	1551	1571	1573	1583	1596
1309	1151	1316	1455	1563	1565	1582	1586	1588	1591
1310	479	658	1283	1565	1585	1586	1588	1592	1595
1311	807	1179	1307	1500	1503	1551	1563	1569	1583
1312	994	1346	1419	1491	1548	1552	1557	1562	1598
1313	573	1314	1422	1443	1466	1501	1510	1573	1583
1314	1313	1315	1577	1581	1584	1590	1594	1596	1599
1315	1063	1286	1314	1587	1589	1593	1595	1597	1600
1316	613	1309	1348	1357	1565	1586	1591	1592	1599
1317	311	1228	1581	1587	1589	1593	1595	1597	1600
1318	234	329	1200	1474	1547	1564	1567	1572	1598
1319	678	1550	1578	1587	1589	1593	1595	1597	1600
1320	181	760	859	1529	1565	1577	1585	1592	1594
1321	601	1548	1587	1589	1592	1593	1595	1597	1600
1322	1359	1491	1503	1509	1530	1579	1597	1598	1600
1323	117	1214	1569	1587	1589	1593	1595	1597	1600
1324	1249	1394	1502	1520	1548	1559	1579	1581	1588
1325	247	1429	1514	1581	1584	1590	1594	1596	1599
1326	761	1308	1581	1584	1590	1594	1596	1598	1599
1327	915	1061	1093	1337	1540	1562	1590	1593	1598
1328	1459	1465	1493	1504	1506	1522	1547	1560	1574
1329	622	1255	1530	1533	1577	1585	1588	1592	1600
1330	892	1241	1385	1577	1585	1588	1591	1592	1593
1331	1156	1407	1427	1464	1487	1568	1592	1596
1332	1564	1574	1587	1589	1593	1595	1597	1599	1600
1333	1448	1472	1577	1583	1585	1586	1591	1592	1593
1334	859	1410	1433	1499	1583	1585	1586	1588	1591
1335	891	1147	1578	1587	1589	1593	1595	1597	1600
1336	1485	1580	1581	1584	1590	1594	1595	1596	1599
1337	13	1001	1142	1327	1477	1509	1579	1597	1598
1338	1352	1364	1579	1587	1589	1593	1595	1597	1600
1339	1515	1580	1581	1584	1590	1591	1594	1596	1599
1340	95	858	911	1124	1286	1299	1508	1549	1596
1341	171	1580	1581	1584	1586	1589	1590	1594	1596	1599
1342	227	599	613	910	982	1264	1505	1508	1568	1582
1343	1458	1502	1554	1563	1570	1571	1573	1583	1592	1595
1344	539	579	1557	1578	1587	1589	1593	1595	1597	1600
1345	1346	1567	1580	1581	1582	1584	1590	1594	1596	1599
1346	777	1298	1312	1345	1548	1557	1559	1567	1591	1598
1347	1018	1075	1085	1144	1152	1214	1489	1508	1582	1596
1348	199	304	922	1039	1316	1427	1558	1585	1588	1592
1349	1350	1433	1495	1580	1581	1584	1590	1594	1596	1599
1350	1100	1349	1353	1386	1399	1473	1526
1351	1	1508	1566	1578	1587	1589	1593	1595	1597	1600
1352	326	953	1231	1292	1338	1365	1378	1411	1461	1512
1353	156	817	1100	1350	1386	1399	1401	1593
1354	1146	1174	1357	1381	1552	1557	1568	1593	1597	1598
1355	562	624	1126	1356	1482	1492	1509	1552	1579	1598
1356	292	1249	1355	1547	1557	1562	1567	1579	1596	1598
1357	1316	1354	1362	1456	1475	1557	1564	1567	1573	1598
1358	576	1432	1467	1535	1569	1571	1573	1583	1585	1598
1359	763	1249	1322	1410	1559	1564	1567	1586	1593	1598
1360	1208	1370	1375	1580	1581	1584	1590	1594	1596	1599
1361	1514	1580	1581	1584	1590	1591	1592	1594	1596	1599
1362	118	634	1357	1392	1409	1448	1546	1557	1598	1599
1363	826	1064	1239	1578	1587	1589	1593	1595	1597	1600
1364	237	982	1268	1338	1497	1562	1564	1579	1582	1598
1365	396	1110	1352	1376	1411	1425	1428	1461	1512	1576
1366	1410	1576	1578	1587	1589	1593	1595	1597	1599	1600
1367	269	734	1231	1376	1411	1425	1461	1512	1519	1532	1578
1368	534	726	897	1068	1196	1446	1505	1511	1546	1582	1597
1369	313	418	1120	1576	1578	1587	1589	1593	1595	1597	1600
1370	279	1051	1154	1360	1478	1493	1504	1531	1570	1574	1596
1371	271	917	1279	1484	1516	1527	1536	1577	1588	1591	1592
1372	643	818	1022	1419	1450	1484	1533	1566	1585	1588	1591
1373	938	1419	1422	1445	1485	1530	1532	1549	1555	1584	1591
1374	665	768	1408	1430	1433	1500	1549	1586	1591	1592	1599
1375	284	628	698	1232	1360	1401	1585	1586	1588	1592	1596
1376	545	625	1202	1365	1367	1382	1409	1461	1512	1577	1584
1377	1217	1250	1380	1437	1521	1544	1555	1566	1584	1591	1592
1378	662	916	1235	1245	1352	1548	1559	1562	1578	1579	1598
1379	33	211	796	799	899	1223	1424	1468	1522	1575	1590
1380	558	610	1377	1576	1578	1587	1589	1593	1595	1597	1600
1381	840	1306	1354	1520	1553	1559	1562	1564	1567	1589	1598
1382	446	1219	1376	1391	1460	1514	1540	1546	1585	1586	1588
1383	1057	1386	1572	1580	1581	1584	1587	1590	1594	1596	1599
1384	688	1052	1103	1270	1506	1547	1557	1559	1562	1564	1598
1385	211	1133	1203	1288	1330	1396	1565	1586	1588	1596	1599
1386	3	539	817	1100	1350	1353	1383	1399	1504	1540
1387	352	776	1473	1552	1557	1559	1562	1564	1567	1592	1598
1388	605	648	1174	1394	1490	1495	1501	1502	1503	1535	1573
1389	732	1572	1576	1578	1587	1589	1593	1595	1597	1599	1600
1390	1067	1154	1173	1442	1460	1483	1493	1504	1547	1570	1574
1391	435	926	1382	1445	1538	1549	1550	1563	1584	1586	1592
1392	1362	1394	1548	1552	1554	1562	1564	1579	1580	1589	1598
1393	866	1116	1493	1519	1580	1581	1584	1590	1594	1596	1599
1394	939	1164	1306	1324	1388	1392	1564	1567	1579	1590	1596	1598
1395	337	913	1149	1177	1290	1483	1493	1504	1509	1547	1570	1574
1396	137	1231	1385	1397	1405	1577	1585	1586	1588	1591	1592	1599
1397	109	1215	1396	1503	1576	1578	1587	1589	1593	1595	1597	1600
1398	1146	1298	1454	1566	1572	1580	1581	1584	1590	1594	1596	1599
1399	3	271	297	817	1100	1350	1353	1386	1441	1544	1592	1600
1400	998	1413	1453	1501	1519	1535	1536	1554	1571	1577	1583	1594
1401	804	1353	1375	1566	1572	1580	1581	1584	1590	1594	1596	1599
1402	1293	1412	1472	1500	1527	1531	1577	1586	1591	1592	1598	1599
1403	1175	1255	1422	1546	1552	1577	1585	1586	1591	1592	1597	1598
1404	737	1268	1420	1438	1462	1557	1559	1562	1567	1579	1584	1589
1405	1093	1396	1454	1506	1572	1580	1581	1584	1590	1594	1596	1599
1406	1445	1484	1504	1514	1544	1546	1585	1586	1588	1591	1593	1595
1407	837	1137	1156	1307	1331	1427	1464	1487	1586
1408	1290	1294	1374	1469	1536	1549	1550	1587	1588	1592	1598	1599
1409	424	1362	1376	1457	1461	1509	1552	1557	1559	1579	1598	1599
1410	612	918	943	1030	1225	1334	1359	1366	1492	1557	1567	1598
1411	326	351	1072	1113	1352	1365	1367	1425	1512	1561	1589	1600
1412	55	1167	1402	1489	1521	1527	1544	1577	1586	1588	1591	1592	1594
1413	35	689	924	1163	1400	1415	1495	1519	1554	1571	1573	1583	1588
1414	529	1296	1468	1469	1566	1572	1580	1581	1584	1590	1594	1596	1599
1415	1042	1413	1575	1576	1578	1587	1589	1590	1591	1593	1595	1597	1600
1416	130	605	985	1437	1472	1484	1556	1561	1585	1586	1591	1592	1597
1417	685	1257	1525	1566	1572	1580	1581	1584	1590	1594	1595	1596	1599
1418	1289	1497	1517	1566	1572	1580	1581	1584	1590	1592	1594	1596	1599
1419	628	1312	1372	1373	1549	1550	1555	1565	1585	1588	1591	1593	1599
1420	1152	1274	1404	1454	1491	1509	1548	1552	1562	1574	1579	1590	1598
1421	427	1138	1440	1445	1575	1576	1578	1587	1589	1593	1595	1597	1600
1422	580	1118	1313	1373	1403	1446	1477	1521	1549	1585	1591	1593	1598
1423	1425	1434	1443	1458	1467	1501	1503	1524	1554	1558	1571	1573	1581
1424	369	394	448	796	799	899	1223	1258	1272	1379	1468	1586	1598
1425	150	256	1072	1292	1365	1367	1411	1423	1426	1461	1466	1489	1512
1426	1243	1425	1566	1572	1580	1581	1583	1584	1590	1593	1594	1596	1599
1427	31	69	247	888	993	1156	1331	1348	1407	1464	1487	1520	1590	1594
1428	777	812	1148	1178	1196	1214	1365	1430	1438	1456	1505	1545	1582	1596
1429	717	1325	1548	1568	1575	1576	1578	1587	1589	1593	1594	1595	1597	1600
1430	1138	1374	1428	1568	1575	1576	1578	1587	1589	1590	1593	1595	1597	1600
1431	425	944	1194	1535	1546	1549	1555	1585	1586	1588	1591	1592	1596	1600
1432	51	972	1358	1434	1458	1466	1467	1490	1551	1554	1571	1573	1576	1593
1433	1334	1349	1374	1435	1456	1481	1527	1533	1544	1565	1577	1585	1586	1591
1434	557	596	738	865	902	1423	1432	1495	1529	1563	1569	1571	1583	1597	1598
1435	405	951	1433	1561	1568	1575	1576	1578	1582	1587	1589	1593	1595	1597	1600
1436	1486	1507	1511	1551	1566	1572	1574	1580	1581	1583	1584	1590	1594	1596	1599
1437	47	411	481	954	1156	1377	1416	1536	1546	1550	1565	1578	1585	1586	1591
1438	330	483	544	1004	1117	1144	1214	1230	1404	1428	1440	1444	1508	1582	1600
1439	269	468	1268	1440	1528	1566	1572	1580	1581	1584	1590	1594	1596	1597	1599
1440	1253	1290	1421	1438	1439	1507	1566	1572	1580	1581	1584	1590	1594	1596	1599
1441	1233	1399	1467	1487	1561	1568	1575	1576	1578	1587	1589	1593	1595	1597	1600
1442	904	1390	1561	1568	1575	1576	1578	1587	1589	1592	1593	1595	1596	1597	1600
1443	470	738	1313	1423	1445	1458	1467	1519	1535	1551	1571	1583	1586	1587	1596
1444	850	872	1070	1264	1281	1299	1438	1450	1454	1470	1503	1505	1515	1524	1582	1600
1445	856	1041	1134	1187	1250	1282	1373	1391	1406	1421	1443	1515	1546	1577	1586	1591
1446	822	1368	1422	1561	1568	1575	1576	1578	1584	1587	1589	1593	1595	1597	1599	1600
1447	546	712	869	1151	1175	1227	1270	1474	1492	1530	1548	1562	1579	1597	1598	1600
1448	423	784	1093	1333	1362	1451	1476	1491	1530	1548	1552	1557	1559	1562	1567	1598
1449	921	1244	1459	1526	1553	1566	1572	1580	1581	1584	1589	1590	1594	1596	1599	1600
1450	443	1048	1127	1148	1211	1299	1372	1444	1453	1454	1505	1508	1511	1565	1585	1586
1451	56	784	970	1448	1540	1553	1566	1572	1580	1581	1584	1590	1591	1594	1596	1599
1452	571	614	1094	1170	1184	1188	1465	1477	1478	1483	1493	1504	1506	1570	1574	1576
1453	401	1027	1219	1400	1450	1495	1510	1517	1539	1545	1551	1554	1571	1583	1584	1598
1454	112	1048	1081	1127	1226	1398	1405	1420	1444	1450	1471	1505	1508	1511	1582	1589
1455	208	695	881	964	1005	1301	1309	1460	1544	1545	1555	1565	1584	1588	1589	1591	1592
1456	95	239	252	565	812	962	992	1032	1075	1357	1428	1433	1470	1505	1582	1598	1600
1457	1267	1409	1560	1561	1568	1575	1576	1578	1582	1587	1589	1590	1593	1595	1597	1599	1600
1458	417	527	668	1237	1278	1343	1423	1432	1443	1490	1517	1524	1530	1551	1573	1575	1578
1459	806	1328	1449	1490	1531	1553	1566	1572	1576	1578	1580	1581	1584	1590	1594	1596	1599
1460	985	1382	1390	1455	1500	1536	1537	1546	1550	1555	1576	1585	1586	1591	1592	1594	1599
1461	460	877	1037	1110	1113	1202	1231	1352	1365	1367	1376	1409	1425	1512	1586	1599	1600
1462	104	388	682	1120	1404	1487	1501	1519	1524	1535	1554	1560	1563	1569	1571	1583	1598
1463	10	995	1045	1052	1531	1560	1561	1568	1575	1576	1578	1587	1589	1593	1595	1597	1600
1464	31	270	272	671	708	888	993	1156	1253	1331	1407	1427	1465	1487	1574	1575	1594
1465	240	890	1078	1139	1205	1328	1452	1464	1478	1483	1504	1506	1547	1570	1574	1575	1596	1600
1466	82	191	622	1142	1145	1313	1425	1432	1517	1524	1535	1551	1563	1569	1573	1583	1589	1597
1467	319	1358	1423	1432	1441	1443	1480	1554	1563	1569	1571	1573	1583	1587	1588	1592	1596	1600
1468	33	100	173	325	366	369	394	448	487	525	526	799	899	1183	1223	1379	1414	1424	1586
1469	598	851	910	1013	1278	1408	1414	1514	1533	1536	1544	1546	1555	1565	1583	1585	1588	1591	1599
1470	173	462	716	897	972	1009	1018	1047	1136	1141	1196	1444	1456	1485	1505	1508	1511	1516	1597
1471	65	102	172	320	358	551	962	992	1032	1047	1086	1148	1454	1508	1511	1576	1580	1586	1600
1472	289	981	1009	1238	1275	1294	1333	1402	1416	1486	1527	1546	1555	1557	1577	1586	1591	1596	1597
1473	499	1350	1387	1496	1498	1516	1521	1534	1540	1542	1553	1566	1572	1580	1581	1584	1590	1594	1596	1599
1474	296	672	766	1241	1318	1447	1492	1497	1548	1552	1557	1559	1564	1567	1570	1579	1585	1587	1598	1600
1475	116	384	615	787	901	1072	1296	1357	1488	1497	1520	1552	1557	1559	1562	1567	1578	1589	1591	1598
1476	731	1448	1513	1556	1558	1560	1561	1568	1575	1576	1578	1579	1587	1589	1593	1594	1595	1596	1597	1600
1477	556	831	922	1112	1168	1337	1422	1452	1533	1544	1549	1555	1556	1565	1577	1580	1581	1582	1585	1588
1478	280	421	498	640	810	996	1154	1173	1255	1267	1289	1291	1370	1452	1465	1483	1493	1504	1547	1570
1479	856	1197	1481	1523	1526	1529	1553	1555	1566	1572	1580	1581	1583	1584	1590	1593	1594	1595	1596	1599
1480	205	293	535	834	876	983	1192	1222	1240	1467	1501	1510	1524	1554	1563	1569	1573	1583	1591	1597	1598
1481	1092	1295	1433	1479	1523	1529	1542	1543	1553	1566	1572	1580	1581	1584	1589	1590	1593	1594	1596	1597	1599
1482	1265	1355	1517	1529	1545	1556	1558	1559	1560	1561	1568	1575	1576	1578	1587	1589	1593	1594	1595	1597	1600
1483	571	960	1094	1149	1237	1289	1390	1395	1452	1465	1478	1485	1486	1506	1531	1547	1570	1574	1587	1593	1594
1484	202	773	1069	1099	1207	1371	1372	1406	1416	1486	1487	1527	1546	1559	1571	1577	1581	1588	1589	1591	1592
1485	636	838	856	862	1194	1204	1266	1336	1373	1470	1483	1533	1536	1544	1546	1555	1565	1577	1586	1588	1592	1593
1486	1436	1472	1483	1484	1537	1545	1552	1556	1558	1560	1561	1568	1575	1576	1578	1585	1587	1589	1593	1595	1597	1600
1487	166	263	270	272	294	436	498	671	708	837	888	993	1156	1331	1407	1427	1441	1462	1464	1484	1568	1594
1488	1135	1306	1308	1475	1507	1524	1545	1556	1558	1560	1561	1568	1575	1576	1578	1587	1589	1590	1593	1595	1597	1600
1489	238	1347	1412	1425	1527	1545	1556	1558	1560	1561	1568	1575	1576	1578	1587	1589	1591	1592	1593	1595	1597	1600
1490	76	230	943	1027	1388	1432	1458	1459	1495	1503	1519	1535	1551	1554	1563	1568	1569	1573	1575	1583	1596	1600
1491	125	1061	1162	1256	1268	1312	1322	1420	1448	1492	1497	1548	1552	1559	1564	1567	1578	1590	1596	1597	1598	1599	1600
1492	242	932	1013	1064	1191	1225	1258	1306	1355	1410	1447	1474	1491	1509	1522	1530	1558	1562	1567	1579	1587	1598	1600
1493	154	251	331	495	674	1029	1205	1266	1284	1328	1370	1390	1393	1395	1452	1478	1501	1504	1539	1547	1570	1574	1597	1600
1494	159	164	201	343	355	456	572	645	739	744	745	774	793	892	920	1055	1260	1521	1529	1560	1585	1587	1590	1591
1495	282	333	445	979	1066	1145	1190	1349	1388	1413	1434	1453	1490	1501	1503	1535	1551	1554	1563	1569	1573	1579	1594	1600
1496	775	934	1473	1513	1518	1538	1540	1542	1543	1553	1562	1566	1570	1572	1580	1581	1584	1585	1587	1590	1594	1595	1596	1599
1497	552	603	845	1006	1173	1225	1263	1364	1418	1474	1475	1491	1509	1520	1548	1551	1559	1562	1564	1567	1576	1595	1598	1599
1498	903	1284	1473	1500	1525	1526	1531	1534	1538	1542	1548	1553	1566	1572	1580	1581	1582	1584	1585	1588	1590	1594	1596	1599
1499	75	1048	1178	1222	1334	1537	1540	1541	1545	1556	1558	1560	1561	1568	1575	1576	1578	1587	1589	1593	1595	1597	1598	1600
1500	663	858	923	1102	1115	1117	1168	1198	1273	1311	1374	1402	1460	1498	1521	1527	1544	1550	1577	1585	1586	1588	1592	1600
1501	195	520	999	1027	1163	1201	1313	1388	1400	1423	1462	1480	1493	1495	1502	1517	1524	1535	1557	1563	1569	1583	1594	1600
1502	507	752	860	906	983	1020	1163	1221	1324	1343	1388	1501	1519	1530	1535	1542	1551	1554	1569	1571	1573	1583	1593	1595
1503	254	566	620	1108	1116	1311	1322	1388	1397	1423	1444	1490	1495	1504	1519	1524	1551	1554	1563	1569	1571	1583	1590	1595
1504	77	103	875	886	1051	1263	1267	1289	1328	1370	1386	1390	1395	1406	1452	1465	1478	1493	1503	1547	1551	1570	1574	1578	1595
1505	61	158	633	664	715	867	897	1007	1018	1144	1211	1342	1368	1428	1444	1450	1454	1456	1470	1510	1516	1561	1582	1596	1597
1506	32	45	389	554	890	1026	1051	1170	1177	1237	1289	1328	1384	1405	1452	1465	1483	1547	1564	1570	1574	1582	1584	1597	1599	1600
1507	89	836	1159	1436	1440	1488	1525	1528	1534	1538	1540	1542	1543	1566	1572	1580	1581	1584	1589	1590	1591	1594	1596	1597	1599	1600
1508	372	468	500	616	647	845	848	1001	1048	1077	1340	1342	1347	1351	1438	1450	1454	1470	1471	1511	1537	1568	1581	1590	1593	1595
1509	704	1106	1126	1174	1303	1322	1337	1355	1395	1409	1420	1492	1497	1520	1545	1548	1552	1559	1564	1567	1586	1589	1593	1598	1599	1600
1510	255	668	697	758	786	849	999	1220	1301	1313	1453	1480	1505	1517	1519	1524	1535	1536	1551	1554	1563	1569	1571	1573	1581	1594	1600
1511	499	540	548	565	613	848	880	911	944	1004	1048	1068	1286	1368	1436	1450	1454	1470	1471	1508	1512	1513	1548	1575	1582	1595	1597
1512	351	396	460	625	711	734	782	1037	1072	1113	1132	1202	1231	1292	1352	1365	1367	1376	1411	1425	1461	1511	1513	1530	1531	1586	1595	1600
1513	414	971	1476	1496	1511	1512	1518	1525	1528	1531	1534	1538	1540	1542	1543	1553	1566	1572	1580	1581	1584	1586	1589	1590	1594	1596	1597	1599
1514	505	655	797	891	1188	1275	1325	1361	1382	1406	1469	1521	1533	1536	1549	1550	1553	1563	1565	1568	1577	1585	1586	1588	1591	1592	1594	1596
1515	54	511	848	1046	1339	1444	1445	1522	1532	1537	1539	1541	1545	1556	1558	1560	1561	1568	1575	1576	1578	1587	1589	1593	1595	1597	1598	1600
1516	507	946	979	1371	1470	1473	1505	1522	1532	1537	1539	1541	1545	1556	1558	1560	1561	1568	1575	1576	1578	1587	1589	1593	1595	1596	1597	1600
1517	758	834	870	902	906	921	949	1134	1253	1308	1418	1453	1458	1466	1482	1501	1510	1519	1524	1551	1554	1563	1569	1583	1592	1596	1597	1598	1600
1518	355	428	976	1496	1513	1519	1526	1528	1529	1531	1534	1536	1538	1540	1542	1543	1553	1566	1568	1572	1580	1581	1584	1590	1591	1594	1595	1596	1599
1519	1	452	527	1073	1221	1262	1367	1393	1400	1413	1443	1462	1490	1502	1503	1510	1517	1518	1525	1551	1568	1569	1571	1573	1583	1587	1594	1595	1600
1520	265	422	518	684	798	889	1173	1197	1224	1227	1270	1324	1381	1427	1475	1497	1509	1530	1548	1552	1559	1562	1564	1567	1577	1579	1594	1598	1599	1600
1521	8	348	442	865	1112	1118	1203	1246	1377	1412	1422	1473	1494	1500	1514	1527	1533	1546	1549	1550	1565	1577	1585	1586	1587	1588	1591	1592	1596	1598
1522	38	434	1252	1328	1379	1492	1515	1516	1532	1537	1539	1541	1545	1556	1558	1560	1561	1568	1575	1576	1578	1585	1587	1589	1593	1594	1595	1596	1597	1600
1523	615	937	940	1046	1479	1481	1526	1528	1529	1531	1534	1538	1540	1542	1543	1553	1566	1572	1578	1580	1581	1584	1587	1590	1594	1596	1597	1598	1599	1600
1524	82	562	627	680	1159	1179	1193	1215	1308	1423	1444	1458	1462	1466	1480	1488	1501	1503	1510	1517	1535	1544	1551	1554	1563	1571	1573	1579	1583	1598	1600
1525	108	850	1094	1276	1417	1498	1507	1513	1519	1528	1529	1531	1534	1537	1538	1540	1542	1543	1553	1566	1572	1573	1580	1581	1584	1587	1588	1590	1594	1596	1599
1526	675	875	1166	1168	1350	1449	1479	1498	1518	1523	1527	1528	1529	1531	1534	1538	1542	1543	1553	1565	1566	1572	1580	1581	1584	1590	1592	1594	1596	1597	1599
1527	93	392	399	419	427	496	659	692	761	1209	1371	1402	1412	1433	1472	1484	1489	1500	1521	1526	1533	1536	1544	1550	1576	1578	1583	1585	1586	1588	1592	1599
1528	747	1221	1248	1439	1507	1513	1518	1523	1525	1526	1529	1531	1534	1538	1540	1543	1544	1553	1564	1566	1572	1580	1581	1584	1588	1590	1594	1596	1597	1598	1599	1600
1529	143	525	556	1320	1434	1479	1481	1482	1494	1518	1523	1525	1526	1528	1531	1534	1538	1540	1542	1543	1553	1566	1568	1572	1580	1581	1584	1590	1592	1594	1596	1599
1530	157	618	729	742	1042	1096	1157	1162	1164	1166	1181	1276	1303	1322	1329	1373	1447	1448	1458	1492	1502	1512	1520	1552	1557	1559	1562	1564	1567	1579	1589	1598
1531	1210	1292	1370	1402	1459	1463	1483	1498	1512	1513	1518	1523	1525	1526	1528	1529	1535	1538	1540	1542	1543	1553	1560	1566	1572	1578	1580	1581	1584	1590	1594	1596	1599
1532	585	1367	1373	1515	1516	1522	1537	1538	1539	1541	1545	1556	1558	1560	1561	1568	1575	1576	1578	1579	1586	1587	1589	1591	1593	1595	1596	1597	1599	1600
1533	259	438	605	702	773	792	823	1040	1128	1200	1285	1304	1329	1372	1433	1469	1477	1485	1514	1521	1527	1544	1546	1549	1550	1555	1577	1592	1595	1597	1598	1599	1600
1534	317	654	723	1473	1498	1507	1513	1518	1523	1525	1526	1528	1529	1535	1538	1540	1542	1543	1546	1549	1553	1566	1572	1580	1581	1584	1590	1592	1593	1594	1595	1596	1599	1600
1535	294	492	865	995	999	1145	1147	1203	1240	1253	1272	1358	1388	1400	1431	1443	1462	1466	1490	1495	1501	1502	1510	1524	1531	1534	1550	1554	1566	1569	1571	1573	1591	1596
1536	83	495	711	749	946	1109	1189	1255	1272	1371	1400	1408	1437	1460	1469	1485	1510	1514	1518	1527	1544	1546	1550	1555	1563	1565	1572	1577	1588	1591	1592	1598	1599	1600
1537	844	896	1300	1460	1486	1499	1508	1515	1516	1522	1525	1532	1538	1539	1541	1545	1556	1558	1560	1561	1567	1568	1575	1576	1578	1587	1589	1593	1595	1597	1598	1599	1600
1538	213	829	1146	1391	1496	1498	1507	1513	1518	1523	1525	1526	1528	1529	1531	1532	1534	1537	1540	1541	1542	1543	1553	1566	1571	1572	1580	1581	1584	1589	1590	1594	1596	1599	1600
1539	168	377	548	1186	1223	1294	1453	1493	1515	1516	1522	1532	1537	1541	1545	1547	1556	1558	1560	1561	1562	1568	1575	1576	1578	1587	1589	1593	1595	1596	1597	1600
1540	343	522	1037	1327	1382	1386	1451	1473	1496	1499	1507	1513	1518	1523	1525	1528	1529	1531	1534	1538	1542	1543	1553	1566	1572	1580	1581	1584	1590	1591	1592	1594	1596	1599	1600
1541	608	645	1180	1227	1228	1281	1499	1515	1516	1522	1532	1537	1538	1539	1545	1549	1556	1558	1560	1561	1566	1568	1575	1576	1578	1587	1589	1591	1593	1595	1597	1600
1542	480	849	853	888	1127	1473	1481	1496	1498	1502	1507	1513	1518	1523	1525	1526	1529	1531	1534	1538	1540	1543	1553	1564	1566	1571	1572	1580	1581	1584	1586	1590	1594	1595	1596	1599
1543	198	328	648	786	1481	1496	1507	1513	1518	1523	1525	1526	1528	1529	1531	1534	1538	1540	1542	1547	1553	1560	1561	1566	1572	1579	1580	1581	1584	1590	1592	1593	1594	1596	1598	1599
1544	171	532	715	872	904	1005	1123	1274	1283	1377	1399	1406	1412	1433	1455	1469	1477	1485	1500	1524	1527	1528	1533	1536	1549	1550	1565	1576	1577	1585	1586	1588	1591	1592	1595	1600
1545	275	388	831	1148	1428	1453	1455	1482	1486	1488	1489	1499	1509	1515	1516	1522	1532	1537	1539	1541	1556	1558	1560	1561	1568	1575	1576	1578	1587	1589	1591	1593	1595	1597	1598	1599	1600
1546	142	390	423	698	722	779	879	897	944	1118	1206	1215	1251	1362	1368	1382	1403	1406	1431	1437	1445	1460	1469	1472	1484	1485	1521	1533	1534	1536	1549	1555	1567	1591	1592	1593	1596	1600
1547	198	303	331	465	512	559	666	703	724	890	913	937	1170	1237	1267	1284	1318	1328	1356	1384	1390	1395	1465	1478	1483	1493	1504	1506	1539	1543	1549	1570	1574	1581	1589	1596	1597	1598
1548	505	811	869	920	956	1074	1142	1146	1245	1263	1268	1312	1321	1324	1346	1378	1392	1420	1429	1447	1448	1474	1491	1497	1498	1509	1511	1520	1552	1557	1559	1564	1568	1588	1595	1597	1598	1600
1549	257	393	1122	1204	1217	1232	1256	1290	1300	1340	1373	1374	1391	1408	1419	1422	1431	1477	1514	1521	1533	1534	1541	1544	1546	1547	1550	1565	1571	1575	1577	1586	1588	1591	1592	1596	1599	1600
1550	102	134	156	259	322	380	798	830	1082	1106	1189	1319	1391	1408	1419	1437	1460	1500	1514	1521	1527	1533	1535	1536	1544	1549	1555	1565	1577	1585	1588	1591	1592	1596	1597	1598	1599	1600
1551	66	349	432	586	591	757	795	995	1179	1308	1311	1432	1436	1443	1453	1458	1466	1490	1495	1497	1502	1503	1504	1510	1517	1519	1524	1552	1563	1568	1571	1572	1573	1574	1583	1597	1598	1599	1600
1552	70	360	382	425	976	998	1061	1121	1164	1167	1227	1234	1274	1276	1312	1354	1355	1387	1392	1403	1409	1420	1448	1474	1475	1486	1491	1509	1520	1530	1548	1551	1553	1559	1567	1572	1585	1591	1597	1598
1553	132	440	700	1187	1284	1381	1449	1451	1459	1473	1479	1481	1496	1498	1513	1514	1518	1523	1525	1526	1528	1529	1531	1534	1538	1540	1542	1543	1552	1564	1566	1572	1573	1580	1581	1584	1590	1593	1594	1596	1599
1554	21	210	216	413	459	535	582	679	721	874	906	1036	1220	1221	1343	1392	1400	1413	1423	1432	1453	1462	1467	1480	1490	1495	1502	1503	1510	1517	1524	1535	1559	1563	1571	1573	1583	1589	1592	1593	1594	1599	1600
1555	42	123	134	484	601	646	705	706	1023	1187	1272	1373	1377	1419	1431	1455	1460	1469	1472	1477	1479	1485	1533	1536	1546	1550	1564	1565	1570	1573	1577	1585	1586	1588	1590	1591	1592	1593	1594	1595	1597	1598	1599	1600
1556	592	949	997	1084	1097	1217	1416	1476	1477	1482	1486	1488	1489	1499	1515	1516	1522	1532	1537	1539	1541	1545	1558	1560	1561	1566	1568	1570	1575	1576	1578	1586	1587	1589	1590	1593	1595	1596	1597	1600
1557	206	626	736	743	814	832	909	950	1059	1071	1090	1097	1164	1173	1234	1268	1297	1306	1312	1344	1346	1354	1356	1357	1362	1384	1387	1404	1409	1410	1448	1472	1474	1475	1501	1530	1548	1560	1562	1573	1591	1592	1593	1595	1598	1600
1558	660	895	975	1027	1348	1423	1476	1482	1486	1488	1489	1492	1499	1515	1516	1522	1532	1537	1539	1541	1545	1556	1560	1561	1568	1575	1576	1578	1585	1586	1587	1589	1592	1593	1594	1595	1596	1597	1599	1600
1559	100	288	521	547	617	854	923	952	964	1028	1052	1104	1114	1241	1298	1324	1346	1359	1378	1381	1384	1387	1404	1409	1448	1474	1475	1482	1484	1491	1497	1509	1520	1530	1548	1552	1554	1562	1564	1575	1579	1587	1590	1595	1596	1598	1599
1560	356	669	832	890	1328	1457	1462	1463	1476	1482	1486	1488	1489	1494	1499	1515	1516	1522	1531	1532	1537	1539	1541	1543	1545	1556	1557	1558	1561	1568	1572	1575	1576	1578	1587	1589	1590	1593	1594	1595	1597	1598	1600
1561	249	702	1010	1204	1250	1291	1411	1416	1435	1441	1442	1446	1457	1463	1476	1482	1486	1488	1489	1499	1505	1515	1516	1522	1532	1537	1539	1541	1543	1545	1556	1558	1560	1563	1568	1575	1576	1578	1587	1589	1592	1593	1594	1595	1596	1597	1599	1600
1562	44	346	536	602	747	791	794	878	887	1023	1028	1066	1121	1131	1142	1158	1209	1245	1257	1312	1327	1356	1364	1378	1381	1384	1387	1392	1404	1420	1447	1448	1475	1492	1496	1497	1520	1530	1539	1557	1559	1563	1564	1567	1570	1579	1591	1592	1594	1595	1598	1600
1563	39	74	210	232	263	319	401	439	563	593	757	849	968	995	1116	1120	1157	1193	1219	1253	1259	1262	1301	1309	1311	1343	1391	1434	1462	1466	1467	1480	1490	1495	1501	1503	1510	1514	1517	1524	1536	1551	1554	1561	1562	1569	1571	1583	1590	1591	1598	1599	1600
1564	166	264	301	530	630	689	728	878	905	915	984	1014	1096	1157	1200	1270	1306	1318	1332	1357	1359	1364	1381	1384	1387	1392	1394	1474	1491	1497	1506	1509	1520	1528	1530	1542	1548	1553	1555	1559	1562	1565	1567	1568	1569	1579	1591	1592	1593	1596	1597	1598	1599
1565	24	43	103	135	284	314	412	638	667	669	687	885	947	1010	1082	1111	1143	1176	1218	1220	1250	1256	1290	1309	1310	1316	1320	1385	1419	1433	1437	1450	1455	1469	1477	1485	1514	1521	1526	1536	1544	1549	1550	1555	1564	1584	1586	1588	1590	1591	1592	1593	1599	1600
1566	237	748	789	795	1020	1112	1351	1372	1377	1398	1401	1414	1417	1418	1426	1436	1439	1440	1449	1451	1459	1473	1479	1481	1496	1498	1507	1513	1518	1523	1525	1526	1528	1529	1531	1534	1535	1538	1540	1541	1542	1543	1553	1556	1572	1580	1581	1584	1589	1590	1593	1594	1596	1597	1598	1599
1567	27	98	162	283	608	707	873	916	953	958	983	990	1011	1014	1054	1071	1084	1096	1151	1166	1258	1274	1318	1345	1346	1356	1357	1359	1381	1387	1394	1404	1410	1448	1474	1475	1491	1492	1497	1509	1520	1530	1537	1546	1552	1562	1564	1573	1579	1587	1590	1593	1594	1595	1597	1598	1600
1568	1331	1342	1354	1429	1430	1435	1441	1442	1446	1457	1463	1476	1482	1486	1487	1488	1489	1490	1499	1508	1514	1515	1516	1518	1519	1522	1529	1532	1537	1539	1541	1545	1548	1551	1556	1558	1560	1561	1564	1575	1576	1578	1587	1589	1591	1592	1593	1595	1597	1598	1599	1600
1569	278	282	344	486	488	558	648	714	779	834	902	921	977	979	983	1000	1020	1025	1147	1219	1220	1262	1301	1311	1323	1358	1434	1462	1466	1467	1480	1490	1495	1501	1502	1503	1510	1517	1519	1535	1563	1564	1571	1573	1576	1577	1583	1586	1587	1588	1589	1594	1596	1597	1598	1599	1600
1570	67	178	187	227	334	357	364	463	512	623	674	699	719	829	886	895	913	937	975	996	1026	1029	1078	1094	1149	1177	1180	1188	1237	1257	1266	1267	1284	1343	1370	1390	1395	1452	1465	1474	1478	1483	1493	1496	1504	1506	1547	1555	1556	1562	1571	1588	1589	1590	1592	1595	1597	1598
1571	39	58	66	68	191	349	620	681	694	738	748	882	905	940	949	1000	1041	1108	1109	1165	1219	1220	1221	1240	1262	1301	1308	1343	1358	1400	1413	1423	1432	1434	1443	1453	1462	1467	1484	1502	1503	1510	1519	1524	1535	1538	1542	1549	1551	1554	1563	1569	1570	1573	1583	1588	1591	1594	1596	1597
1572	136	246	681	915	973	1170	1174	1266	1318	1383	1389	1398	1401	1405	1414	1417	1418	1426	1436	1439	1440	1449	1451	1459	1473	1479	1481	1496	1498	1507	1513	1518	1523	1525	1526	1528	1529	1531	1534	1536	1538	1540	1542	1543	1551	1552	1553	1560	1566	1580	1581	1584	1585	1587	1590	1594	1595	1596	1597	1599	1600
1573	21	35	96	232	344	480	489	492	663	687	744	774	795	847	870	874	1000	1073	1108	1120	1163	1193	1219	1221	1240	1253	1258	1301	1308	1313	1343	1357	1358	1388	1413	1423	1432	1458	1466	1467	1480	1490	1495	1502	1510	1519	1524	1525	1535	1551	1553	1554	1555	1557	1567	1569	1571	1583	1586	1589	1591	1594	1596	1597	1598	1599
1574	28	132	187	238	240	251	279	303	463	497	513	589	614	653	666	674	699	703	719	724	751	771	810	829	875	886	893	895	937	960	975	996	1022	1029	1051	1078	1154	1170	1180	1205	1233	1266	1267	1271	1284	1289	1328	1332	1370	1390	1395	1420	1436	1452	1464	1465	1483	1493	1504	1506	1547	1551	1576	1585	1588	1590	1591	1593	1595	1596	1597	1599	1600
1575	220	528	554	759	763	790	965	1304	1379	1415	1421	1429	1430	1435	1441	1442	1446	1457	1458	1463	1464	1465	1476	1482	1486	1488	1489	1490	1499	1511	1515	1516	1522	1532	1537	1539	1541	1545	1549	1556	1558	1559	1560	1561	1568	1576	1578	1583	1585	1587	1589	1590	1593	1594	1595	1597	1599	1600
1576	880	1023	1100	1148	1186	1193	1365	1366	1369	1380	1389	1397	1415	1421	1429	1430	1432	1435	1441	1442	1446	1452	1457	1459	1460	1463	1471	1476	1482	1486	1488	1489	1497	1499	1515	1516	1522	1527	1532	1537	1539	1541	1544	1545	1556	1558	1560	1561	1568	1569	1574	1575	1578	1585	1586	1587	1589	1591	1593	1595	1597	1598	1600
1577	2	104	147	267	280	332	333	383	598	637	642	700	706	805	861	1012	1041	1080	1102	1132	1133	1141	1188	1208	1215	1246	1255	1275	1283	1285	1294	1314	1320	1329	1330	1333	1371	1376	1396	1400	1402	1403	1412	1433	1445	1472	1477	1484	1485	1500	1514	1520	1521	1533	1536	1544	1549	1550	1555	1569	1582	1584	1585	1588	1589	1590	1591	1592	1593	1594	1595	1596	1597	1599
1578	962	1088	1261	1269	1292	1305	1319	1335	1344	1351	1363	1366	1367	1369	1378	1380	1389	1397	1415	1421	1429	1430	1435	1437	1441	1442	1446	1457	1458	1459	1463	1475	1476	1482	1486	1488	1489	1491	1499	1504	1515	1516	1522	1523	1527	1531	1532	1537	1539	1541	1545	1556	1558	1560	1561	1568	1575	1576	1582	1584	1585	1586	1587	1589	1592	1593	1595	1597	1598	1600
1579	6	23	41	75	79	111	163	189	274	342	360	415	510	524	595	677	743	768	769	797	857	887	923	950	980	984	998	1061	1074	1104	1106	1136	1151	1174	1197	1198	1234	1241	1249	1258	1270	1283	1298	1322	1324	1337	1338	1355	1356	1364	1378	1392	1394	1404	1409	1420	1447	1474	1476	1492	1495	1520	1524	1530	1532	1543	1559	1562	1564	1567	1580	1582	1583	1587	1588	1592	1593	1594	1596	1597	1598
1580	121	433	487	603	637	661	978	1056	1077	1079	1082	1225	1336	1339	1341	1345	1349	1360	1361	1383	1392	1393	1398	1401	1405	1414	1417	1418	1426	1436	1439	1440	1449	1451	1459	1471	1473	1477	1479	1481	1496	1498	1507	1513	1518	1523	1525	1526	1528	1529	1531	1534	1538	1540	1542	1543	1553	1566	1572	1579	1581	1582	1583	1584	1585	1586	1588	1590	1593	1594	1596	1597	1598	1599	1600
1581	25	26	41	107	127	146	353	607	708	724	796	851	986	1008	1035	1058	1072	1160	1192	1232	1265	1269	1273	1277	1287	1297	1314	1317	1324	1325	1326	1336	1339	1341	1345	1349	1360	1361	1383	1393	1398	1401	1405	1414	1417	1418	1423	1426	1436	1439	1440	1449	1451	1459	1473	1477	1479	1481	1484	1496	1498	1507	1508	1510	1513	1518	1523	1525	1526	1528	1529	1531	1534	1538	1540	1542	1543	1547	1553	1566	1572	1580	1583	1584	1585	1587	1588	1589	1590	1591	1594	1595	1596	1597	1599
1582	4	16	23	54	119	158	170	203	220	244	283	304	317	320	330	363	458	462	496	500	509	544	569	592	616	693	726	746	777	792	809	845	867	880	911	917	930	940	960	962	966	972	982	1001	1003	1009	1024	1047	1056	1068	1075	1086	1095	1117	1124	1127	1136	1153	1178	1211	1213	1226	1252	1259	1264	1281	1286	1309	1342	1345	1347	1364	1368	1428	1435	1438	1444	1454	1456	1457	1477	1498	1505	1506	1511	1577	1578	1579	1580	1584	1586	1587	1588	1593	1594	1595	1596	1600
1583	74	76	81	96	205	278	337	375	377	409	417	445	471	488	489	529	563	566	587	593	657	680	681	714	758	786	825	839	847	876	940	949	968	1019	1020	1025	1036	1038	1073	1110	1116	1120	1145	1147	1163	1165	1179	1193	1207	1211	1253	1262	1306	1308	1311	1313	1333	1334	1343	1358	1400	1413	1426	1434	1436	1443	1453	1462	1466	1467	1469	1479	1480	1490	1501	1502	1503	1517	1519	1524	1527	1551	1554	1563	1569	1571	1573	1575	1579	1580	1581	1584	1586	1588	1592	1594	1595	1598	1600
1584	5	177	358	443	506	560	594	609	635	652	672	705	725	814	939	966	1049	1053	1135	1185	1190	1195	1206	1212	1222	1226	1228	1229	1235	1242	1249	1251	1261	1265	1269	1273	1277	1278	1280	1287	1291	1294	1295	1297	1314	1325	1326	1336	1339	1341	1345	1349	1360	1361	1373	1376	1377	1383	1391	1393	1398	1401	1404	1405	1414	1417	1418	1426	1436	1439	1440	1446	1449	1451	1453	1455	1459	1473	1479	1481	1496	1498	1506	1507	1513	1518	1523	1525	1526	1528	1529	1531	1534	1538	1540	1542	1543	1553	1565	1566	1572	1577	1578	1580	1581	1582	1583	1586	1587	1590	1591	1594	1596	1597	1598	1599
1585	12	80	85	92	131	160	165	176	185	209	212	268	305	307	347	359	362	461	477	479	517	580	593	646	665	692	710	714	723	732	737	740	741	753	754	760	765	767	781	835	844	855	871	960	964	981	1041	1067	1080	1099	1134	1143	1164	1182	1203	1207	1215	1224	1231	1246	1275	1279	1285	1288	1290	1300	1310	1320	1329	1330	1333	1334	1348	1358	1372	1375	1382	1396	1403	1406	1416	1419	1422	1431	1433	1437	1450	1460	1469	1474	1477	1486	1494	1496	1498	1500	1514	1521	1522	1527	1544	1550	1552	1555	1558	1572	1574	1575	1576	1577	1578	1580	1581	1586	1587	1588	1589	1590	1591	1592	1594	1596	1598	1599
1586	46	47	94	119	120	137	138	147	160	202	214	225	235	275	286	291	322	336	392	412	416	421	455	470	533	635	659	686	687	705	717	755	771	775	779	813	904	919	925	946	951	981	988	1010	1055	1082	1091	1102	1115	1119	1133	1162	1187	1188	1194	1196	1207	1208	1217	1218	1224	1279	1290	1300	1304	1309	1310	1316	1333	1334	1341	1359	1374	1375	1382	1385	1391	1396	1402	1403	1406	1407	1412	1416	1424	1431	1433	1437	1443	1445	1450	1460	1461	1468	1471	1472	1485	1500	1509	1512	1513	1514	1521	1527	1532	1542	1544	1549	1555	1556	1558	1565	1569	1573	1576	1578	1580	1582	1583	1584	1585	1588	1589	1590	1591	1593	1595	1596	1598	1599
1587	298	378	399	604	626	691	931	1067	1103	1115	1124	1214	1271	1275	1282	1293	1296	1302	1305	1307	1315	1317	1319	1321	1323	1332	1335	1338	1344	1351	1363	1366	1369	1380	1383	1389	1397	1408	1415	1421	1429	1430	1435	1441	1442	1443	1446	1457	1463	1467	1474	1476	1482	1483	1486	1488	1489	1492	1494	1496	1499	1515	1516	1519	1521	1522	1523	1525	1532	1537	1539	1541	1545	1556	1558	1559	1560	1561	1567	1568	1569	1572	1575	1576	1578	1579	1581	1582	1584	1585	1589	1590	1593	1595	1596	1597	1598	1599	1600
1588	19	28	43	80	107	120	169	236	267	300	307	354	356	367	395	400	403	419	490	531	607	621	627	633	635	643	650	651	669	670	686	702	710	749	798	821	824	908	910	922	935	944	947	1000	1012	1015	1032	1039	1069	1091	1099	1109	1111	1112	1141	1143	1145	1159	1187	1188	1204	1208	1217	1218	1221	1224	1225	1232	1236	1246	1250	1256	1266	1274	1275	1279	1283	1285	1288	1294	1304	1306	1309	1310	1324	1329	1330	1334	1348	1371	1372	1375	1382	1385	1396	1406	1408	1412	1413	1419	1431	1455	1467	1469	1477	1484	1485	1498	1500	1514	1521	1525	1527	1528	1536	1544	1548	1549	1550	1555	1565	1569	1570	1571	1574	1577	1579	1580	1581	1582	1583	1585	1586	1589	1590	1591	1592	1593	1594	1595	1596	1597	1598	1599	1600
1589	8	72	182	214	218	258	441	504	945	1047	1060	1084	1103	1130	1140	1149	1150	1154	1191	1210	1216	1230	1236	1238	1244	1247	1248	1254	1271	1276	1282	1287	1293	1295	1296	1302	1303	1304	1305	1307	1315	1317	1319	1321	1323	1332	1335	1338	1341	1344	1351	1363	1366	1369	1380	1381	1389	1392	1397	1404	1411	1415	1421	1429	1430	1435	1441	1442	1446	1449	1454	1455	1457	1463	1466	1475	1476	1481	1482	1484	1486	1488	1489	1499	1507	1509	1513	1515	1516	1522	1530	1532	1537	1538	1539	1541	1545	1547	1554	1556	1558	1560	1561	1566	1568	1569	1570	1573	1575	1576	1577	1578	1581	1585	1586	1587	1588	1592	1593	1594	1595	1596	1597	1598	1599	1600
1590	4	34	38	221	231	234	236	255	292	306	310	314	323	339	340	370	386	447	464	486	509	528	534	604	666	682	696	701	722	728	783	810	815	823	825	843	852	959	961	967	986	1028	1035	1058	1060	1088	1089	1091	1098	1114	1119	1129	1137	1138	1155	1158	1160	1167	1172	1175	1182	1185	1186	1190	1194	1195	1198	1206	1212	1219	1222	1224	1228	1229	1235	1242	1251	1261	1265	1269	1273	1277	1278	1280	1287	1291	1297	1314	1325	1326	1327	1336	1339	1341	1345	1349	1360	1361	1379	1383	1393	1394	1398	1401	1405	1414	1415	1417	1418	1420	1426	1427	1430	1436	1439	1440	1449	1451	1457	1459	1473	1479	1481	1488	1491	1494	1496	1498	1503	1507	1508	1513	1518	1523	1525	1526	1528	1529	1531	1534	1538	1540	1542	1543	1553	1555	1556	1559	1560	1563	1565	1566	1567	1570	1572	1574	1575	1577	1580	1581	1584	1585	1586	1587	1588	1591	1592	1593	1594	1595	1596	1599	1600
1591	14	25	30	49	59	63	73	86	87	94	99	131	138	176	225	235	276	308	315	362	364	378	380	386	389	395	400	418	437	511	514	515	531	543	607	627	631	638	651	655	695	698	700	709	732	736	740	753	754	755	761	762	773	813	821	824	826	835	855	857	858	862	877	879	881	898	904	910	919	925	936	951	954	978	1002	1010	1021	1023	1069	1107	1108	1109	1111	1112	1122	1141	1159	1168	1181	1194	1203	1208	1215	1238	1245	1246	1272	1279	1285	1288	1294	1309	1316	1330	1333	1334	1339	1346	1361	1371	1372	1373	1374	1377	1396	1402	1403	1406	1412	1415	1416	1419	1422	1431	1433	1437	1445	1451	1455	1460	1469	1472	1475	1480	1484	1489	1494	1507	1514	1518	1521	1532	1535	1536	1540	1541	1544	1545	1546	1549	1550	1552	1555	1557	1562	1563	1564	1565	1568	1571	1573	1574	1576	1577	1581	1584	1585	1586	1588	1590	1593	1594	1595	1596	1597	1599	1600
1592	9	12	37	44	56	59	63	85	88	92	98	109	111	129	130	209	241	261	262	281	291	300	308	315	332	336	347	363	390	434	438	450	455	461	466	490	504	515	516	550	575	584	601	621	622	629	631	637	639	642	649	650	655	663	673	706	709	723	740	741	762	765	769	771	800	824	831	838	855	862	877	879	881	884	891	914	919	946	947	951	954	964	965	978	985	988	1001	1005	1012	1015	1036	1045	1065	1067	1069	1091	1099	1115	1133	1134	1141	1143	1150	1159	1168	1200	1202	1203	1204	1208	1217	1218	1224	1232	1242	1250	1255	1270	1272	1275	1279	1283	1285	1288	1298	1300	1310	1316	1320	1321	1329	1330	1331	1333	1343	1348	1361	1371	1374	1375	1377	1387	1391	1396	1399	1402	1403	1408	1412	1416	1418	1431	1442	1455	1460	1467	1484	1485	1489	1500	1514	1517	1521	1526	1527	1529	1533	1534	1536	1540	1543	1544	1546	1549	1550	1554	1555	1557	1558	1561	1562	1564	1565	1568	1570	1577	1578	1579	1583	1585	1588	1589	1590	1593	1597	1598	1600
1593	6	9	18	24	29	36	68	88	149	153	169	174	192	219	226	241	260	288	290	293	309	328	338	393	407	467	538	611	661	683	713	752	776	778	803	812	815	827	836	839	842	863	866	868	870	882	894	908	929	933	984	986	991	1017	1021	1024	1044	1049	1050	1054	1057	1059	1062	1083	1092	1101	1102	1105	1128	1130	1131	1132	1139	1140	1144	1150	1152	1153	1161	1165	1169	1171	1176	1181	1183	1184	1187	1189	1191	1192	1199	1201	1210	1216	1230	1236	1238	1243	1244	1247	1248	1254	1271	1276	1282	1285	1287	1291	1293	1295	1296	1302	1303	1305	1307	1315	1317	1319	1321	1323	1327	1330	1332	1333	1335	1338	1344	1351	1353	1354	1359	1363	1366	1369	1380	1389	1397	1406	1415	1419	1421	1422	1426	1429	1430	1432	1435	1441	1442	1446	1457	1463	1476	1479	1481	1482	1483	1485	1486	1488	1489	1499	1502	1508	1509	1515	1516	1522	1532	1534	1537	1539	1541	1543	1545	1546	1553	1554	1555	1556	1557	1558	1560	1561	1564	1565	1566	1567	1568	1574	1575	1576	1577	1578	1579	1580	1582	1586	1587	1588	1589	1590	1591	1592	1594	1595	1596	1597	1598	1599	1600
1594	129	133	164	186	197	199	204	208	309	321	334	426	435	453	493	502	514	631	632	671	688	690	725	729	730	754	780	800	819	820	840	864	885	896	898	907	909	912	914	924	925	927	929	935	938	941	942	945	958	959	963	967	968	969	974	982	994	997	1002	1006	1007	1008	1035	1040	1043	1045	1053	1060	1063	1065	1077	1088	1089	1090	1098	1114	1119	1122	1123	1128	1129	1135	1137	1138	1158	1160	1167	1172	1175	1179	1182	1185	1186	1190	1193	1195	1197	1198	1204	1206	1212	1218	1222	1228	1229	1235	1242	1251	1261	1264	1265	1269	1273	1277	1278	1280	1287	1291	1297	1307	1314	1320	1325	1326	1336	1339	1341	1345	1349	1360	1361	1383	1393	1398	1400	1401	1405	1412	1414	1417	1418	1426	1427	1429	1436	1439	1440	1449	1451	1459	1460	1464	1473	1476	1479	1481	1482	1483	1487	1495	1496	1498	1501	1507	1510	1513	1514	1518	1519	1520	1522	1523	1525	1526	1528	1529	1531	1534	1538	1540	1542	1543	1553	1554	1555	1558	1560	1561	1562	1566	1567	1569	1571	1572	1573	1575	1577	1579	1580	1581	1582	1583	1584	1585	1588	1589	1590	1591	1593	1595	1596	1597	1598	1599	1600
1595	19	57	70	84	115	146	222	242	306	335	340	350	414	451	485	589	652	656	662	673	675	685	694	703	712	713	718	721	727	733	735	739	752	756	783	785	791	802	816	818	833	841	883	884	885	893	894	899	900	907	908	912	933	934	936	948	952	955	957	970	971	973	977	987	989	1007	1016	1029	1030	1034	1049	1050	1054	1057	1059	1062	1066	1075	1076	1079	1083	1087	1092	1095	1105	1107	1130	1131	1132	1133	1139	1140	1150	1152	1161	1165	1169	1171	1176	1181	1183	1184	1189	1191	1192	1199	1201	1210	1216	1230	1236	1238	1243	1244	1247	1248	1249	1254	1264	1271	1276	1281	1282	1293	1295	1296	1300	1302	1303	1305	1307	1310	1315	1317	1319	1321	1323	1332	1335	1336	1338	1343	1344	1351	1363	1366	1369	1380	1389	1397	1406	1415	1417	1421	1429	1430	1435	1441	1442	1446	1457	1463	1476	1479	1482	1486	1488	1489	1496	1497	1499	1502	1503	1504	1508	1511	1512	1515	1516	1518	1519	1522	1532	1533	1534	1537	1539	1541	1542	1544	1545	1548	1555	1556	1557	1558	1559	1560	1561	1562	1567	1568	1570	1572	1574	1575	1576	1577	1578	1581	1582	1583	1586	1587	1588	1589	1590	1591	1593	1594	1596	1597	1598	1599	1600
1596	7	17	34	40	61	65	105	139	141	145	149	151	152	155	167	180	181	188	190	193	196	216	217	221	229	233	250	256	266	268	295	302	318	354	365	368	376	379	391	405	439	444	457	467	469	473	476	481	484	503	546	549	560	577	581	590	606	610	612	619	644	649	652	657	658	660	678	690	696	697	729	730	742	759	767	770	788	800	805	807	808	819	822	823	827	828	852	896	898	907	909	914	918	924	927	929	930	931	935	938	939	941	942	945	950	956	957	958	959	961	963	965	967	969	974	991	994	997	999	1002	1006	1033	1040	1042	1043	1045	1053	1055	1056	1058	1060	1063	1064	1065	1077	1088	1089	1090	1098	1114	1119	1122	1123	1128	1129	1135	1137	1138	1154	1158	1160	1167	1169	1172	1175	1177	1182	1185	1186	1195	1198	1206	1212	1222	1227	1228	1229	1235	1242	1251	1261	1265	1269	1271	1273	1277	1278	1280	1285	1287	1291	1294	1297	1308	1314	1325	1326	1331	1336	1339	1340	1341	1345	1347	1349	1356	1360	1361	1370	1375	1383	1385	1393	1394	1398	1401	1405	1414	1417	1418	1426	1428	1431	1436	1439	1440	1442	1443	1449	1451	1459	1465	1467	1472	1473	1476	1479	1481	1490	1491	1496	1498	1505	1507	1513	1514	1516	1517	1518	1521	1522	1523	1525	1526	1528	1529	1531	1532	1534	1535	1538	1539	1540	1542	1543	1546	1547	1549	1550	1553	1556	1558	1559	1561	1564	1566	1569	1571	1572	1573	1574	1577	1579	1580	1581	1582	1584	1585	1586	1587	1588	1589	1590	1591	1593	1594	1595	1597	1598	1599	1600
1597	22	36	49	50	52	53	62	64	83	91	113	122	140	183	184	200	224	231	245	285	287	290	312	327	335	341	371	373	381	385	397	398	404	406	410	420	454	456	475	478	482	491	494	523	542	568	570	574	588	591	595	596	597	600	602	609	620	623	624	636	638	639	640	641	644	654	661	676	684	701	727	753	755	772	781	801	802	816	830	841	853	854	860	861	871	873	882	883	884	893	900	903	916	920	921	932	933	934	936	941	947	948	952	955	970	971	973	977	980	987	989	991	1016	1017	1021	1025	1030	1034	1038	1039	1044	1049	1050	1054	1057	1059	1062	1066	1068	1076	1079	1083	1087	1092	1095	1101	1105	1107	1130	1131	1132	1139	1140	1147	1150	1152	1160	1161	1165	1169	1171	1176	1181	1183	1184	1189	1191	1192	1199	1201	1210	1212	1216	1230	1234	1236	1238	1243	1244	1247	1248	1254	1271	1276	1277	1282	1286	1288	1290	1293	1295	1296	1302	1303	1305	1307	1315	1317	1319	1321	1322	1323	1332	1335	1337	1338	1344	1351	1354	1363	1366	1368	1369	1380	1389	1397	1403	1415	1416	1421	1429	1430	1434	1435	1439	1441	1442	1446	1447	1457	1463	1466	1470	1472	1476	1480	1481	1482	1486	1488	1489	1491	1493	1499	1505	1506	1507	1511	1513	1515	1516	1517	1522	1523	1526	1528	1532	1533	1537	1539	1541	1545	1547	1548	1550	1551	1552	1555	1556	1558	1560	1561	1564	1566	1567	1568	1569	1570	1571	1572	1573	1574	1575	1576	1577	1578	1579	1580	1581	1584	1587	1588	1589	1591	1592	1593	1594	1595	1596	1598	1600
1598	5	13	48	55	60	72	78	79	106	108	115	116	124	125	128	135	136	144	145	148	150	157	161	162	163	168	189	194	206	219	223	228	230	243	246	249	253	257	258	264	274	277	281	296	301	311	313	321	324	329	342	345	346	374	382	397	411	415	422	424	429	446	449	453	472	474	510	520	521	530	536	537	541	547	551	552	561	575	576	582	602	603	608	611	612	615	617	618	626	630	656	662	670	672	677	689	704	707	720	728	736	737	742	743	747	763	768	769	776	784	787	794	797	803	806	811	813	814	828	832	842	847	854	857	869	873	878	887	889	901	905	915	916	918	919	923	928	930	932	943	950	953	955	956	961	976	980	984	990	998	1011	1013	1014	1019	1028	1042	1052	1054	1058	1064	1071	1074	1079	1084	1093	1097	1103	1104	1106	1121	1125	1126	1142	1146	1157	1162	1166	1173	1174	1197	1200	1225	1227	1234	1241	1245	1247	1249	1257	1258	1260	1263	1268	1270	1273	1274	1278	1298	1301	1306	1312	1318	1322	1326	1327	1337	1346	1354	1355	1356	1357	1358	1359	1362	1364	1378	1381	1384	1387	1392	1394	1402	1403	1408	1409	1410	1420	1422	1424	1434	1447	1448	1453	1456	1462	1474	1475	1480	1491	1492	1497	1499	1509	1515	1517	1520	1521	1523	1524	1528	1530	1533	1536	1537	1543	1545	1547	1548	1550	1551	1552	1555	1557	1559	1560	1562	1563	1564	1566	1567	1568	1569	1570	1573	1576	1578	1579	1580	1583	1584	1585	1586	1587	1588	1589	1592	1593	1594	1595	1596	1597	1599	1600
1599	2	7	17	40	58	67	78	93	105	126	139	151	152	154	155	167	177	182	188	190	195	204	217	218	229	233	248	253	266	302	310	316	318	323	324	359	365	368	379	387	391	407	408	442	444	457	473	493	502	503	506	555	577	579	581	585	590	594	598	604	606	610	619	625	632	643	644	649	657	658	659	660	678	682	688	690	696	697	710	722	730	759	760	767	770	772	780	787	788	793	805	807	808	819	820	822	825	828	840	843	864	876	879	885	894	896	898	907	909	912	914	918	924	927	928	929	931	933	935	938	939	941	942	945	957	958	961	963	965	969	974	986	994	997	1002	1006	1007	1008	1012	1017	1033	1040	1043	1044	1045	1053	1058	1060	1063	1065	1076	1077	1086	1088	1089	1090	1095	1096	1098	1114	1119	1122	1123	1125	1128	1129	1135	1137	1138	1141	1158	1167	1172	1175	1176	1182	1183	1185	1186	1190	1195	1198	1206	1207	1212	1222	1228	1229	1235	1242	1251	1261	1265	1269	1273	1278	1280	1287	1291	1293	1297	1314	1316	1325	1326	1332	1336	1339	1341	1345	1349	1360	1361	1362	1366	1374	1383	1385	1389	1393	1396	1398	1401	1402	1405	1408	1409	1414	1417	1418	1419	1426	1436	1439	1440	1446	1449	1451	1457	1459	1460	1461	1469	1473	1479	1481	1491	1496	1497	1498	1506	1507	1509	1513	1518	1520	1523	1525	1526	1527	1528	1529	1531	1532	1533	1534	1536	1537	1538	1540	1542	1543	1545	1549	1550	1551	1553	1554	1555	1558	1559	1561	1563	1564	1565	1566	1568	1569	1572	1573	1574	1575	1577	1580	1581	1584	1585	1586	1587	1588	1589	1590	1591	1593	1594	1595	1596	1598	1600
1600	15	16	22	29	32	37	46	50	52	53	57	62	64	77	84	90	91	106	110	113	122	126	127	133	140	141	143	153	161	174	183	184	192	197	200	207	213	222	224	228	239	248	273	285	287	312	316	327	338	341	348	350	352	371	373	376	381	385	387	398	402	404	408	410	420	426	430	431	433	436	451	454	459	471	474	475	476	478	482	485	491	494	501	508	519	523	533	538	541	542	567	568	570	573	574	578	587	588	591	595	596	597	600	609	611	623	624	636	639	640	641	654	656	668	673	675	676	683	684	685	694	695	701	718	721	727	733	735	751	770	772	781	783	785	791	801	802	803	815	816	818	820	827	830	833	836	839	841	842	853	860	861	863	866	868	871	882	883	884	889	893	894	900	903	908	934	936	948	952	955	969	970	971	973	977	987	989	991	1016	1017	1021	1024	1030	1031	1034	1044	1049	1050	1057	1059	1062	1063	1066	1071	1076	1079	1083	1085	1087	1090	1092	1095	1098	1101	1105	1107	1129	1130	1131	1132	1137	1139	1140	1150	1152	1153	1161	1165	1169	1171	1176	1179	1181	1183	1184	1189	1191	1192	1196	1199	1201	1206	1210	1216	1230	1236	1238	1239	1243	1244	1246	1247	1248	1252	1254	1262	1263	1270	1271	1274	1276	1277	1280	1282	1283	1289	1293	1295	1296	1300	1302	1303	1305	1307	1315	1317	1319	1321	1322	1323	1329	1332	1335	1338	1344	1351	1363	1366	1369	1380	1389	1397	1399	1411	1415	1421	1429	1430	1431	1435	1438	1441	1442	1444	1446	1447	1449	1456	1457	1461	1463	1465	1467	1471	1474	1476	1482	1486	1488	1489	1490	1491	1492	1493	1495	1499	1500	1501	1506	1507	1509	1510	1512	1515	1516	1517	1519	1520	1522	1523	1524	1528	1532	1533	1534	1536	1537	1538	1539	1540	1541	1544	1545	1546	1548	1549	1550	1551	1554	1555	1556	1557	1558	1560	1561	1562	1563	1565	1567	1568	1569	1572	1574	1575	1576	1578	1580	1582	1583	1587	1588	1589	1590	1591	1592	1593	1594	1595	1596	1597	1598	1599
